par-text-partials-format
point-type time frequency amplitude
partials-count 14
partials-data
0 42 0.006091 0.496774
0.006091 12383.433594 0.000000 0.012338 12383.433594 0.000158 0.022792 12359.225586 0.000181 0.036848 12329.581055 0.000584 0.040114 12348.572266 0.000742 0.043493 12355.112305 0.000678 0.057679 12361.083008 0.000523 0.073247 12384.378906 0.001603 0.090185 12402.927734 0.001121 0.107426 12373.048828 0.001597 0.107553 12407.612305 0.001392 0.117957 12367.351562 0.001196 0.135488 12365.189453 0.001000 0.157571 12334.687500 0.000964 0.159294 12314.166992 0.000364 0.186037 12357.519531 0.003151 0.191150 12345.284180 0.005111 0.194214 12345.495117 0.004910 0.199921 12371.791992 0.001782 0.215230 12376.338867 0.001071 0.240768 12382.027344 0.001298 0.249748 12405.516602 0.001527 0.259207 12430.704102 0.001298 0.262430 12430.373047 0.000929 0.275850 12439.900391 0.000323 0.295463 12442.882812 0.000218 0.315682 12405.934570 0.000247 0.326111 12402.647461 0.000285 0.339897 12360.865234 0.000299 0.347695 12357.592773 0.000293 0.368676 12384.602539 0.000366 0.381555 12383.577148 0.000508 0.390611 12380.580078 0.000638 0.396707 12378.209961 0.000656 0.407128 12380.282227 0.000532 0.421566 12382.406250 0.000427 0.431801 12383.194336 0.000354 0.446333 12380.131836 0.000293 0.464069 12379.590820 0.000279 0.475999 12377.842773 0.000296 0.484279 12374.020508 0.000288 0.496774 12374.020508 0.000000
1 43 0.000922 0.523924
0.000922 11061.637695 0.000000 0.007170 11061.637695 0.000119 0.019171 11060.257812 0.000174 0.035594 11061.195312 0.000278 0.044606 11064.017578 0.000422 0.053281 11074.811523 0.000491 0.057306 11050.239258 0.000366 0.086829 11068.040039 0.000287 0.099816 11086.016602 0.002027 0.106004 11087.806641 0.003112 0.110523 11082.751953 0.003339 0.114183 11077.750000 0.002561 0.125959 11048.285156 0.001693 0.141922 11021.209961 0.001120 0.161894 11052.274414 0.000977 0.178879 11041.828125 0.000940 0.188193 11076.267578 0.001346 0.191992 11074.514648 0.001140 0.204635 11065.732422 0.000768 0.217933 11063.564453 0.000543 0.230916 11063.653320 0.000382 0.247023 11026.540039 0.000249 0.253902 11018.425781 0.000214 0.264873 11051.693359 0.000115 0.287299 11059.655273 0.000114 0.306993 11056.543945 0.000138 0.319449 11053.641602 0.000200 0.325348 11052.901367 0.000239 0.335858 11020.400391 0.000267 0.343309 11021.785156 0.000227 0.365470 11052.396484 0.000215 0.379268 11052.940430 0.000260 0.390801 11055.452148 0.000316 0.400032 11060.609375 0.000359 0.407866 11059.780273 0.000327 0.420490 11057.191406 0.000262 0.434711 11052.858398 0.000224 0.443358 11052.717773 0.000181 0.457871 11052.076172 0.000138 0.482728 11031.310547 0.000173 0.493952 11033.079102 0.000258 0.511429 11030.219727 0.000433 0.523924 11030.219727 0.000000
2 35 0.004654 0.409657
0.004654 7302.061035 0.000000 0.010901 7302.061035 0.000279 0.024394 7324.373047 0.000329 0.035937 7321.866699 0.000559 0.038631 7288.545898 0.001333 0.045834 7317.035156 0.000748 0.071720 7314.666504 0.000893 0.087032 7295.804199 0.002205 0.092703 7279.648438 0.003569 0.097542 7276.243652 0.003777 0.103332 7274.086426 0.002919 0.113820 7274.041016 0.001803 0.134264 7276.644043 0.001227 0.153713 7281.593262 0.001289 0.173617 7268.525879 0.001057 0.179652 7298.815918 0.002517 0.191570 7328.233887 0.003863 0.195304 7320.693848 0.003738 0.200006 7319.890137 0.002616 0.214673 7349.777832 0.002370 0.226370 7346.936035 0.001396 0.238615 7342.213379 0.000870 0.251097 7348.404785 0.000417 0.272336 7323.436035 0.000391 0.284028 7323.127441 0.000338 0.299110 7331.999023 0.000280 0.309229 7336.468750 0.000262 0.328760 7304.462891 0.000260 0.339050 7304.473633 0.000296 0.347807 7305.907227 0.000294 0.357096 7306.723633 0.000249 0.366899 7305.225098 0.000180 0.382465 7303.076660 0.000130 0.397163 7301.779297 0.000106 0.409657 7301.779297 0.000000
3 39 0.006147 0.449798
0.006147 4957.581543 0.000000 0.012394 4957.581543 0.000573 0.015387 4955.787598 0.000794 0.028231 4941.625000 0.000696 0.043662 4962.454590 0.000846 0.060113 4937.187500 0.000933 0.060364 4965.365234 0.001272 0.081899 4966.774414 0.002755 0.097444 4956.855469 0.005128 0.103772 4951.651855 0.007224 0.107211 4950.283203 0.007056 0.112464 4951.698242 0.004743 0.126255 4955.546875 0.002527 0.154711 4925.577637 0.001517 0.171283 4932.564453 0.002181 0.174758 4962.711914 0.003333 0.187025 4964.128418 0.003291 0.196732 4965.015137 0.003049 0.208357 4935.257324 0.003111 0.212739 4939.824219 0.002130 0.238766 4965.040039 0.001041 0.251543 4968.138672 0.001173 0.263663 4967.419434 0.001280 0.273209 4968.796387 0.001274 0.280319 4968.401367 0.001047 0.290539 4939.412598 0.000563 0.318448 4940.884277 0.000504 0.334315 4941.784668 0.000736 0.340612 4940.145020 0.000974 0.343458 4940.104980 0.000908 0.352115 4952.178223 0.000570 0.370882 4955.654785 0.000398 0.394702 4957.566895 0.000439 0.401461 4958.364258 0.000532 0.408556 4947.791992 0.000479 0.420429 4941.925781 0.000393 0.430632 4921.912109 0.000319 0.437303 4922.560547 0.000209 0.449798 4922.560547 0.000000
4 52 0.005286 0.619717
0.005286 3526.559814 0.000000 0.011533 3526.559814 0.000342 0.023491 3515.527344 0.001038 0.036525 3489.501953 0.000737 0.049201 3486.490234 0.001285 0.060851 3470.625977 0.002599 0.068317 3469.927490 0.003826 0.084182 3462.166992 0.004946 0.090522 3457.455078 0.006801 0.097516 3459.331299 0.006894 0.105733 3461.687256 0.005642 0.113572 3463.464600 0.003734 0.127607 3464.680908 0.002194 0.148494 3470.309326 0.001526 0.162354 3456.635498 0.001021 0.174977 3455.308350 0.001031 0.186379 3423.549561 0.001633 0.197190 3422.494629 0.001503 0.209288 3419.948730 0.001339 0.217398 3420.470947 0.001038 0.229025 3391.252441 0.000862 0.244970 3398.027832 0.000706 0.260066 3400.551270 0.000601 0.271918 3404.746338 0.000542 0.282998 3405.344482 0.000457 0.296727 3403.733643 0.000380 0.311210 3399.035400 0.000350 0.322503 3396.426514 0.000332 0.336044 3397.018066 0.000303 0.347789 3399.119629 0.000276 0.366389 3415.758057 0.000309 0.376429 3416.497803 0.000356 0.384802 3418.402832 0.000345 0.393737 3429.828125 0.000289 0.404797 3432.705078 0.000216 0.426000 3434.253662 0.000184 0.439166 3432.433594 0.000186 0.456756 3422.116211 0.000213 0.463981 3416.683838 0.000262 0.473858 3416.634521 0.000271 0.490979 3417.716553 0.000293 0.504797 3422.170654 0.000352 0.517813 3429.001953 0.000487 0.522189 3428.399902 0.000520 0.532127 3421.695557 0.000419 0.544754 3404.625732 0.000402 0.565237 3404.613525 0.000386 0.580210 3362.868408 0.000549 0.585374 3385.648682 0.000431 0.587745 3382.312256 0.000403 0.607223 3396.825439 0.000262 0.619717 3396.825439 0.000000
5 36 0.014324 0.436115
0.014324 5683.428711 0.000000 0.020571 5683.428711 0.001035 0.029487 5682.096191 0.001380 0.038531 5681.166504 0.001571 0.055202 5683.541504 0.001815 0.068921 5682.318359 0.002310 0.080797 5656.985840 0.006175 0.087757 5660.053711 0.007010 0.095015 5662.327637 0.006284 0.102773 5663.857422 0.004478 0.114120 5674.158691 0.002353 0.135422 5653.186523 0.001627 0.142357 5677.329590 0.000946 0.165196 5666.690918 0.001057 0.181153 5669.334473 0.001339 0.191715 5697.729004 0.003035 0.196979 5697.810059 0.003126 0.206976 5703.194336 0.002526 0.215611 5705.296875 0.001826 0.229609 5700.102051 0.001140 0.250836 5690.710449 0.001151 0.263580 5689.168945 0.001213 0.274119 5688.803223 0.001224 0.283276 5652.789551 0.001109 0.293666 5654.228516 0.000877 0.303041 5653.847656 0.000605 0.325263 5627.718262 0.000601 0.335800 5617.141113 0.000596 0.343415 5613.444824 0.000519 0.362852 5614.648926 0.000448 0.381868 5615.844727 0.000542 0.389240 5603.687012 0.000582 0.394927 5631.114258 0.000681 0.404588 5653.166992 0.000705 0.423620 5650.442383 0.000531 0.436115 5650.442383 0.000000
6 45 0.013315 0.550273
0.013315 2718.635742 0.000000 0.019562 2718.635742 0.000110 0.037161 2690.734131 0.001336 0.045478 2686.038818 0.002092 0.057209 2686.136230 0.003072 0.072265 2690.013428 0.004674 0.086179 2680.377930 0.003769 0.088474 2693.669922 0.009571 0.095580 2689.309814 0.008870 0.101217 2685.140625 0.006374 0.122342 2652.993652 0.003661 0.146183 2641.765625 0.004772 0.151513 2643.808594 0.006117 0.160900 2647.611572 0.006020 0.172967 2656.811768 0.005333 0.182633 2658.854248 0.004756 0.201778 2653.756348 0.004112 0.217323 2632.991211 0.006053 0.219210 2637.188721 0.005909 0.225502 2643.995361 0.003872 0.240022 2668.448975 0.001259 0.250692 2641.883057 0.001078 0.263072 2665.243408 0.000639 0.279460 2679.388428 0.000514 0.293084 2688.580811 0.000353 0.306293 2694.639160 0.000263 0.320500 2700.898438 0.000214 0.327742 2708.878906 0.000170 0.344260 2737.526611 0.000195 0.355175 2736.921875 0.000145 0.375424 2762.044189 0.000132 0.392596 2753.301025 0.000151 0.401354 2754.158936 0.000178 0.418848 2757.996582 0.000209 0.425465 2780.542480 0.000291 0.433470 2766.789551 0.000290 0.444558 2763.757324 0.000239 0.460613 2762.434326 0.000200 0.473782 2756.356445 0.000175 0.492521 2785.122559 0.000194 0.511622 2804.452148 0.000299 0.513686 2801.339600 0.000399 0.521708 2787.388916 0.000353 0.537779 2772.004395 0.000384 0.550273 2772.004395 0.000000
7 57 0.020984 0.706052
0.020984 6783.893066 0.000000 0.027231 6783.893066 0.001703 0.035255 6784.375488 0.001665 0.055282 6787.875000 0.001213 0.057832 6761.945801 0.001443 0.080691 6802.941406 0.001279 0.092686 6810.845703 0.001761 0.099770 6766.805176 0.005050 0.106097 6766.647949 0.004353 0.118574 6753.920898 0.002689 0.127572 6747.332520 0.002043 0.158874 6786.276367 0.001481 0.169716 6792.389648 0.002500 0.181468 6792.633301 0.003519 0.189365 6830.998047 0.003074 0.198664 6824.353027 0.003216 0.204564 6786.060059 0.003623 0.214236 6774.908691 0.002496 0.229548 6736.563965 0.000849 0.243457 6747.001953 0.000728 0.258525 6749.389160 0.000532 0.271124 6751.669434 0.000441 0.280580 6802.832031 0.000505 0.294065 6801.105469 0.000368 0.315223 6798.396484 0.000347 0.331232 6792.891113 0.000443 0.335813 6787.758301 0.000511 0.342236 6782.301270 0.000410 0.362963 6780.466309 0.000357 0.382607 6781.183594 0.000441 0.390763 6798.203613 0.000584 0.394660 6803.487793 0.000535 0.412126 6813.797852 0.000458 0.427224 6816.852539 0.000499 0.436443 6818.758789 0.000514 0.444424 6818.408691 0.000444 0.455179 6816.926758 0.000333 0.470428 6815.646973 0.000249 0.486622 6810.775879 0.000203 0.511928 6778.603516 0.000355 0.515983 6785.260254 0.000497 0.523667 6800.213867 0.000500 0.528129 6798.193848 0.000378 0.540034 6811.727539 0.000469 0.550796 6803.914062 0.000280 0.571688 6793.159180 0.000241 0.589739 6793.139160 0.000238 0.603870 6796.845215 0.000272 0.616268 6805.128418 0.000339 0.628133 6809.089844 0.000406 0.636666 6812.488281 0.000431 0.642663 6815.602051 0.000368 0.650859 6816.297363 0.000243 0.669841 6818.198242 0.000156 0.686646 6824.992188 0.000144 0.693557 6824.303711 0.000122 0.706052 6824.303711 0.000000
8 53 0.031137 0.656977
0.031137 4465.282227 0.000000 0.037384 4465.282227 0.001148 0.046629 4441.566406 0.003746 0.049986 4412.916504 0.004481 0.056417 4420.574219 0.003935 0.077733 4424.814941 0.003367 0.091691 4440.895996 0.006531 0.100319 4435.092773 0.007621 0.107636 4431.701660 0.006935 0.115041 4431.401367 0.004986 0.134089 4407.600098 0.004541 0.154257 4405.992676 0.004586 0.165536 4398.494141 0.005522 0.168870 4394.552246 0.005189 0.179510 4389.203613 0.003791 0.199395 4386.457031 0.003195 0.213879 4385.625488 0.003277 0.219223 4384.837402 0.002954 0.233249 4405.007812 0.002538 0.241554 4406.486328 0.001906 0.253046 4407.315430 0.001234 0.268298 4412.334473 0.000787 0.285420 4412.585449 0.000642 0.300433 4416.046875 0.000635 0.312335 4415.451172 0.000643 0.328255 4414.743164 0.000699 0.339325 4415.313965 0.000788 0.347712 4427.102051 0.000738 0.353247 4436.871582 0.000582 0.364697 4435.845703 0.000370 0.386485 4436.813965 0.000269 0.397981 4460.671875 0.000380 0.408363 4451.939941 0.000353 0.415375 4450.359863 0.000263 0.431729 4450.765137 0.000180 0.459377 4450.731445 0.000205 0.474058 4448.992676 0.000351 0.481596 4444.778320 0.000557 0.488330 4447.205078 0.000661 0.500964 4450.982910 0.000684 0.514215 4454.958008 0.000744 0.529270 4456.304688 0.000882 0.540774 4457.383789 0.001055 0.547494 4461.474609 0.001057 0.551637 4467.248047 0.000813 0.567924 4438.030273 0.000496 0.578493 4438.708984 0.000339 0.596104 4450.713867 0.000267 0.615263 4460.881348 0.000266 0.636590 4435.798340 0.000263 0.641642 4434.284668 0.000380 0.644483 4435.381348 0.000373 0.656977 4435.381348 0.000000
9 61 0.030147 0.754552
0.030147 679.497803 0.000000 0.036394 679.497803 0.000159 0.046631 672.608215 0.000251 0.054840 669.730591 0.000355 0.063414 668.869324 0.000404 0.070912 666.608215 0.000374 0.081549 665.938171 0.000304 0.100028 667.426086 0.000262 0.112358 670.817932 0.000262 0.116839 667.735229 0.000214 0.130197 670.081299 0.000144 0.159229 686.916870 0.000198 0.171754 706.855774 0.000195 0.187023 729.135681 0.000351 0.195655 737.686523 0.000350 0.211746 764.391235 0.001774 0.219780 758.592834 0.002906 0.224176 758.300476 0.003360 0.229968 761.124573 0.002779 0.237842 764.119629 0.001761 0.251111 771.945557 0.000819 0.265591 774.973694 0.000485 0.281763 782.305359 0.000482 0.295678 778.046753 0.000385 0.313030 785.513855 0.000257 0.324802 764.310120 0.000415 0.340869 766.173950 0.000451 0.349069 764.727173 0.000464 0.364776 759.008118 0.000511 0.385937 755.930298 0.000689 0.396020 761.570862 0.001163 0.400038 768.497131 0.001419 0.407451 770.520752 0.001292 0.423137 773.265625 0.001098 0.443767 788.660217 0.001504 0.450741 786.882263 0.001787 0.457997 785.539612 0.001646 0.469648 775.950867 0.001239 0.476885 766.437439 0.000935 0.490202 738.819275 0.000549 0.508803 740.844971 0.000386 0.521653 747.912109 0.000358 0.536521 747.896729 0.000329 0.558850 748.175476 0.000421 0.572241 750.110046 0.000662 0.578684 753.382141 0.000901 0.585428 755.668579 0.000938 0.595291 759.197449 0.000800 0.603922 761.441711 0.000610 0.620090 755.736389 0.000427 0.637351 748.104675 0.000397 0.643692 733.983093 0.000403 0.650614 733.159302 0.000271 0.663632 731.919128 0.000152 0.683211 707.840881 0.000138 0.700076 707.503784 0.000127 0.718195 703.763123 0.000141 0.726365 698.561584 0.000171 0.733676 698.086060 0.000166 0.742058 699.252319 0.000128 0.754552 699.252319 0.000000
10 43 0.101803 0.612348
0.101803 13433.245117 0.000000 0.108050 13433.245117 0.004874 0.112888 13435.676758 0.005848 0.116990 13453.735352 0.004706 0.129554 13429.351562 0.003505 0.146230 13453.451172 0.001909 0.164226 13451.166992 0.001860 0.177103 13453.148438 0.002082 0.184673 13454.113281 0.002046 0.205919 13426.141602 0.002006 0.211008 13423.805664 0.002228 0.223158 13421.635742 0.002033 0.236654 13419.715820 0.001904 0.247450 13418.403320 0.001744 0.257782 13410.357422 0.001420 0.262516 13441.599609 0.000756 0.278821 13467.976562 0.000141 0.288705 13456.359375 0.000169 0.319202 13477.125977 0.000183 0.333866 13499.944336 0.000283 0.338821 13501.130859 0.000359 0.344451 13500.981445 0.000329 0.353967 13496.268555 0.000227 0.375234 13466.905273 0.000227 0.392991 13472.487305 0.000288 0.399770 13472.781250 0.000329 0.407537 13471.507812 0.000294 0.416528 13472.781250 0.000218 0.437880 13481.145508 0.000157 0.452986 13485.373047 0.000178 0.464080 13485.410156 0.000199 0.473790 13475.084961 0.000183 0.482844 13473.373047 0.000165 0.506575 13473.265625 0.000180 0.523797 13474.953125 0.000268 0.534213 13455.923828 0.000681 0.536805 13458.159180 0.000828 0.540566 13457.374023 0.000676 0.556587 13483.661133 0.000531 0.568087 13482.076172 0.000391 0.588734 13470.806641 0.000347 0.599854 13465.088867 0.000370 0.612348 13465.088867 0.000000
11 47 0.097370 0.654123
0.097370 7582.091309 0.000000 0.103617 7582.091309 0.003894 0.110744 7572.483398 0.004249 0.114571 7564.861816 0.003211 0.129318 7584.585938 0.001718 0.159520 7571.816406 0.000705 0.174330 7572.066895 0.001222 0.179634 7575.883789 0.002066 0.190053 7574.173828 0.002523 0.198779 7575.199707 0.002616 0.207739 7576.922363 0.002306 0.217803 7576.895020 0.001751 0.232893 7575.375488 0.001290 0.246923 7573.959473 0.001055 0.255628 7572.351074 0.000837 0.262923 7569.232910 0.000540 0.276018 7567.260254 0.000296 0.303079 7556.959961 0.000221 0.316933 7529.857422 0.000414 0.323145 7531.808105 0.000443 0.328547 7532.736816 0.000354 0.339736 7533.162598 0.000224 0.366043 7560.946289 0.000167 0.376976 7571.050781 0.000236 0.384654 7569.983887 0.000234 0.391176 7567.624023 0.000180 0.403755 7561.646484 0.000126 0.430948 7591.326660 0.000125 0.441158 7591.665039 0.000160 0.450960 7592.293457 0.000179 0.458371 7594.536133 0.000164 0.464842 7599.434570 0.000121 0.495707 7569.970215 0.000133 0.508277 7567.481934 0.000199 0.516586 7566.254883 0.000264 0.523561 7567.135742 0.000285 0.534090 7567.754395 0.000260 0.548608 7566.912598 0.000232 0.557712 7563.314453 0.000198 0.569854 7552.148926 0.000197 0.593149 7580.014160 0.000230 0.603486 7577.801270 0.000273 0.617151 7572.662109 0.000353 0.631449 7572.495117 0.000473 0.639123 7572.689453 0.000569 0.641629 7579.515625 0.000498 0.654123 7579.515625 0.000000
12 43 0.162952 0.663076
0.162952 1016.478943 0.000000 0.169199 1016.478943 0.001065 0.186172 1007.526367 0.001433 0.199491 981.142395 0.004120 0.201822 992.438110 0.005052 0.209129 998.349976 0.004912 0.216264 1002.448792 0.003783 0.231690 1007.255249 0.002731 0.246373 1051.497070 0.001920 0.252281 1080.208374 0.001325 0.269025 1061.247925 0.001159 0.279469 1061.565552 0.000846 0.297166 1060.207886 0.000631 0.313232 1058.213745 0.000609 0.326508 1058.502808 0.000649 0.338070 1060.309448 0.000682 0.346730 1065.025757 0.000635 0.358739 1072.606079 0.000546 0.383509 1074.176025 0.000680 0.399795 1075.288574 0.001187 0.406951 1077.796387 0.001871 0.413097 1079.159668 0.002250 0.421612 1079.476685 0.002138 0.433752 1080.092407 0.001825 0.446756 1082.410889 0.001536 0.460523 1087.947754 0.001371 0.473868 1097.556152 0.001274 0.481031 1100.749756 0.001121 0.501279 1097.373535 0.000972 0.523119 1092.815308 0.001428 0.526666 1096.002686 0.001811 0.538935 1115.611938 0.002393 0.546004 1115.285767 0.002309 0.561585 1113.978516 0.002078 0.578190 1112.655273 0.002217 0.584415 1111.252197 0.002221 0.588992 1105.855225 0.001640 0.606257 1095.320801 0.000880 0.634243 1111.995850 0.000683 0.640516 1119.534790 0.001063 0.643972 1092.132324 0.001236 0.650582 1065.037231 0.000742 0.663076 1065.037231 0.000000
13 39 0.194742 0.658688
0.194742 3858.252197 0.000000 0.200989 3858.252197 0.006382 0.206808 3859.127197 0.005814 0.216842 3859.345947 0.004210 0.230380 3857.914795 0.002833 0.253011 3852.824951 0.001231 0.258714 3886.346436 0.000477 0.265795 3850.045166 0.000774 0.281588 3849.295410 0.000522 0.295178 3848.602539 0.000395 0.314167 3876.100342 0.000375 0.329474 3868.979248 0.000470 0.340949 3866.704590 0.000570 0.348588 3863.156006 0.000611 0.354276 3859.199951 0.000494 0.371515 3856.058105 0.000379 0.390117 3851.708740 0.000386 0.393813 3850.062744 0.000365 0.403962 3891.304688 0.000299 0.423339 3886.109863 0.000241 0.437659 3873.768311 0.000254 0.449451 3864.402588 0.000247 0.463239 3857.319092 0.000258 0.476285 3850.591309 0.000275 0.489794 3846.421631 0.000319 0.502275 3843.931885 0.000355 0.516299 3828.078613 0.000363 0.529920 3823.415039 0.000439 0.541054 3816.457764 0.000532 0.549933 3809.566895 0.000598 0.559600 3808.350586 0.000566 0.570432 3808.311523 0.000477 0.584120 3778.386719 0.000574 0.589957 3777.686035 0.000423 0.606071 3773.613037 0.000281 0.632682 3774.573730 0.000289 0.644153 3796.471680 0.000416 0.646194 3795.234131 0.000446 0.658688 3795.234131 0.000000
