par-text-frame-format
point-type index frequency amplitude
partials-count 14
frame-count 76
frame-data
0.000922 1 1 11061.637695 0.000000
0.010922 5 4 3526.559814 0.000308 3 4957.581543 0.000438 2 7302.095703 0.000279 1 11061.206055 0.000136 0 12383.433594 0.000122
0.020922 7 6 2716.479736 0.000204 4 3517.896973 0.000889 3 4949.684082 0.000752 5 5683.375977 0.001049 2 7318.631836 0.000316 1 11060.357422 0.000185 0 12363.555664 0.000177
0.030922 9 9 679.497803 0.000020 6 2700.625488 0.000901 4 3500.688232 0.000866 3 4945.257812 0.000722 5 5681.948730 0.001410 7 6784.115234 0.001686 2 7322.955566 0.000459 1 11060.928711 0.000249 0 12342.078125 0.000414
0.040922 10 9 676.450134 0.000200 6 2688.610840 0.001678 4 3488.457031 0.000927 8 4456.205078 0.002142 3 4958.756348 0.000819 5 5681.507324 0.001606 7 6785.365723 0.001537 2 7297.610352 0.001147 1 11062.864258 0.000363 0 12350.137695 0.000727
0.050922 10 9 671.103821 0.000305 6 2686.083984 0.002546 4 3484.145996 0.001479 8 4414.031738 0.004402 3 4951.303223 0.000884 5 5682.931641 0.001753 7 6787.113281 0.001311 2 7316.569336 0.000776 1 11071.876953 0.000472 0 12358.239258 0.000597
0.060922 10 9 669.119629 0.000390 6 2687.092529 0.003467 4 3470.619385 0.002611 8 4421.470703 0.003815 3 4965.401855 0.001311 5 5683.031250 0.002022 7 6767.487793 0.001421 2 7315.654297 0.000832 1 11052.419922 0.000357 0 12365.936523 0.000748
0.070922 10 9 666.607544 0.000374 6 2689.667725 0.004531 4 3468.653076 0.004010 8 4423.459961 0.003549 3 4966.056152 0.001999 5 5678.049316 0.002961 7 6785.422363 0.001349 2 7314.739258 0.000889 1 11058.449219 0.000330 0 12380.900391 0.001441
0.080922 10 9 665.977600 0.000308 6 2684.018066 0.004111 4 3463.761475 0.004716 8 4428.489258 0.004090 3 4966.710449 0.002688 5 5657.041016 0.006190 7 6803.093750 0.001288 2 7303.330078 0.001681 1 11064.478516 0.000303 0 12392.784180 0.001385
0.090922 10 9 666.692932 0.000283 6 2692.167480 0.009329 4 3457.562500 0.006806 8 4440.010742 0.006357 3 4961.017090 0.004133 5 5661.045410 0.006693 7 6809.683105 0.001690 2 7284.721680 0.003141 1 11073.706055 0.000836 0 12401.650391 0.001142
0.100922 11 9 667.672119 0.000262 6 2685.358154 0.006505 4 3460.307861 0.006375 8 4434.812988 0.007564 3 4953.995117 0.006281 5 5663.492676 0.004909 7 6766.776367 0.004923 2 7274.983887 0.003276 11 7582.091309 0.002214 1 11086.336914 0.002221 0 12384.319336 0.001418
0.110922 12 9 670.423096 0.000262 6 2670.371338 0.005128 4 3462.864014 0.004379 8 4431.568359 0.006070 3 4951.282715 0.005422 5 5671.255371 0.002952 7 6761.725586 0.003710 2 7274.053711 0.002112 11 7572.128906 0.004201 1 11082.206055 0.003254 0 12394.573242 0.001328 10 13434.688477 0.005452
0.120922 12 9 668.452393 0.000192 6 2655.154053 0.003843 4 3464.101562 0.002927 8 4424.052734 0.004849 3 4954.058594 0.003384 5 5667.461914 0.002121 7 6752.201172 0.002521 2 7274.945312 0.001603 11 7573.356934 0.002568 1 11060.886719 0.002064 0 12366.986328 0.001163 10 13446.103516 0.004330
0.130922 12 9 670.501709 0.000145 6 2648.952637 0.004061 4 3465.574463 0.002088 8 4411.557129 0.004615 3 4950.631348 0.002361 5 5657.616211 0.001780 7 6751.500977 0.001983 2 7276.218750 0.001321 11 7583.907715 0.001664 1 11039.866211 0.001515 0 12365.752930 0.001051 10 13431.329102 0.003374
0.140922 12 9 676.300720 0.000164 6 2644.243164 0.004527 4 3468.269043 0.001768 8 4407.055664 0.004557 3 4940.099609 0.002006 5 5672.336914 0.001087 7 6763.942383 0.001804 2 7278.338379 0.001248 11 7579.679688 0.001329 1 11022.905273 0.001156 0 12357.682617 0.000991 10 13445.780273 0.002417
0.150922 12 9 682.099792 0.000182 6 2643.582031 0.005968 4 3467.913818 0.001438 8 4406.258301 0.004579 3 4929.567383 0.001652 5 5673.339355 0.000988 7 6776.383789 0.001624 2 7280.883301 0.001280 11 7575.451660 0.000994 1 11035.208984 0.001056 0 12343.871094 0.000975 10 13452.855469 0.001897
0.160922 12 9 689.612549 0.000197 6 2647.628418 0.006019 4 3458.048340 0.001073 8 4401.561523 0.005139 3 4928.196289 0.001766 5 5668.681641 0.001037 7 6787.431641 0.001674 2 7276.859863 0.001205 11 7571.840332 0.000754 1 11050.762695 0.000984 0 12316.807617 0.000534 10 13451.585938 0.001869
0.170922 13 9 705.531372 0.000195 12 1015.569824 0.001102 6 2655.253174 0.005449 4 3455.734619 0.001028 8 4393.520508 0.004920 3 4932.412598 0.002167 5 5667.639648 0.001158 7 6792.414551 0.002605 2 7270.294434 0.001089 11 7572.009277 0.001103 1 11046.721680 0.000957 0 12333.017578 0.001576 10 13452.197266 0.001975
0.180922 13 9 720.233765 0.000289 12 1010.295166 0.001319 6 2658.492920 0.004858 4 3438.748047 0.001345 8 4389.008789 0.003749 3 4963.423828 0.003312 5 5669.296387 0.001335 7 6792.622070 0.003472 2 7301.951172 0.002660 11 7575.672363 0.002122 1 11049.383789 0.001029 0 12349.227539 0.002618 10 13453.634766 0.002064
0.190922 13 9 732.998291 0.000351 12 998.115601 0.002391 6 2656.646973 0.004477 4 3423.106201 0.001579 8 4387.627441 0.003449 3 4964.484375 0.003194 5 5695.598145 0.002908 7 6829.885254 0.003098 2 7326.636719 0.003789 11 7574.275879 0.002532 1 11075.007812 0.001198 0 12345.830078 0.005023 10 13445.885742 0.002034
0.200922 14 9 746.427979 0.000816 12 988.077576 0.004692 6 2653.984131 0.004141 4 3421.709229 0.001453 13 3858.252197 0.006314 8 4386.369141 0.003203 3 4954.288574 0.003071 5 5699.934082 0.002889 7 6809.693359 0.003371 2 7321.757324 0.002601 11 7575.611816 0.002542 1 11068.311523 0.000877 0 12372.088867 0.001736 10 13432.719727 0.002015
0.210922 14 9 763.024170 0.001701 12 999.380249 0.004629 6 2641.541260 0.005254 4 3420.053955 0.001278 13 3859.216797 0.005156 8 4385.795410 0.003260 3 4937.931152 0.002537 5 5704.155273 0.002206 7 6778.729004 0.002882 2 7342.135254 0.002433 11 7576.913574 0.002130 1 11064.707031 0.000662 0 12375.059570 0.001271 10 13423.844727 0.002224
0.220922 14 9 758.516846 0.003024 12 1003.900208 0.003465 6 2639.041260 0.005354 4 3411.613525 0.000985 13 3858.914551 0.003795 8 4387.281738 0.002904 3 4947.752930 0.001788 5 5703.325684 0.001566 7 6758.164062 0.001777 2 7348.259277 0.001849 11 7576.581055 0.001656 1 11063.584961 0.000506 0 12377.606445 0.001122 10 13422.035156 0.002069
0.230922 14 9 761.487671 0.002655 12 1007.016052 0.002783 6 2653.124512 0.002896 4 3392.058838 0.000844 13 3857.792725 0.002794 8 4401.662598 0.002607 3 4957.441406 0.001369 5 5699.520996 0.001141 7 6737.595703 0.000837 2 7345.180176 0.001200 11 7575.573730 0.001350 1 11063.638672 0.000381 0 12379.833984 0.001211 10 13420.531250 0.001959
0.240922 14 9 765.936340 0.001542 12 1035.073486 0.002221 6 2666.206543 0.001243 4 3396.308105 0.000745 13 3855.543701 0.002086 8 4406.374023 0.001954 3 4965.562988 0.001063 5 5695.096680 0.001146 7 6745.100098 0.000750 2 7343.357910 0.000786 11 7574.564941 0.001155 1 11040.597656 0.000299 0 12382.431641 0.001302 10 13419.197266 0.001841
0.250922 14 9 771.834167 0.000832 12 1073.604248 0.001462 6 2642.318359 0.001070 4 3399.022705 0.000664 13 3853.294678 0.001379 8 4407.162109 0.001359 3 4967.988281 0.001167 5 5690.700195 0.001151 7 6748.184570 0.000631 2 7348.318359 0.000423 11 7573.220703 0.000955 1 11021.940430 0.000229 0 12408.643555 0.001499 10 13415.699219 0.001635
0.260922 14 9 773.997375 0.000592 12 1070.423218 0.001239 6 2661.187744 0.000715 4 3400.854248 0.000596 13 3875.025391 0.000570 8 4409.907227 0.001003 3 4967.582031 0.001256 5 5689.490234 0.001200 7 6749.823242 0.000515 2 7336.854004 0.000405 11 7570.087891 0.000621 1 11039.713867 0.000151 0 12430.528320 0.001101 10 13431.083008 0.000980
0.270922 14 9 777.390747 0.000484 12 1061.305664 0.001102 6 2672.019287 0.000579 4 3404.394043 0.000547 13 3849.801758 0.000692 8 4412.373047 0.000765 3 4968.466309 0.001275 5 5688.914062 0.001221 7 6751.632812 0.000443 2 7325.098145 0.000393 11 7568.027832 0.000391 1 11053.840820 0.000115 0 12436.402344 0.000546 10 13455.199219 0.000439
0.280922 14 9 781.924194 0.000482 12 1061.453979 0.000828 6 2680.375000 0.000497 4 3405.232422 0.000473 13 3849.326904 0.000533 8 4412.519531 0.000680 3 4966.688477 0.001019 5 5662.044434 0.001139 7 6802.788086 0.000502 2 7323.209473 0.000352 11 7565.393555 0.000283 1 11057.391602 0.000114 0 12440.671875 0.000296 10 13465.505859 0.000147
0.290922 14 9 779.502258 0.000418 12 1060.686890 0.000707 6 2687.122314 0.000379 4 3404.414795 0.000412 13 3848.819580 0.000435 8 4413.854004 0.000640 3 4939.432617 0.000562 5 5653.848633 0.000938 7 6801.507812 0.000400 2 7327.182617 0.000311 11 7561.587402 0.000255 1 11059.083008 0.000118 0 12442.192383 0.000243 10 13457.869141 0.000170
0.300922 14 9 780.303528 0.000346 12 1059.741577 0.000626 6 2692.176025 0.000300 4 3402.372803 0.000371 13 3856.920654 0.000389 8 4416.022461 0.000635 3 4939.959961 0.000541 5 5653.933594 0.000667 7 6800.227539 0.000361 2 7332.799316 0.000277 11 7557.780762 0.000227 1 11057.502930 0.000130 0 12432.907227 0.000226 10 13464.678711 0.000174
0.310922 14 9 784.606995 0.000273 12 1058.500366 0.000612 6 2696.678955 0.000247 4 3399.128906 0.000350 13 3871.401611 0.000379 8 4415.521973 0.000642 3 4940.487305 0.000520 5 5644.580566 0.000604 7 6798.947266 0.000351 2 7333.694336 0.000261 11 7541.616211 0.000330 1 11055.627930 0.000157 0 12414.632812 0.000240 10 13471.488281 0.000179
0.320922 14 9 771.297729 0.000363 12 1058.381226 0.000632 6 2701.364502 0.000211 4 3396.791748 0.000334 13 3872.957520 0.000417 8 4415.069336 0.000673 3 4941.024902 0.000541 5 5632.822266 0.000602 7 6796.436523 0.000381 2 7317.306641 0.000261 11 7531.110352 0.000433 1 11053.457031 0.000210 0 12404.283203 0.000266 10 13479.802734 0.000195
0.330922 14 9 765.020081 0.000428 12 1059.192505 0.000662 6 2714.394287 0.000174 4 3396.794189 0.000314 13 3868.692139 0.000482 8 4414.880859 0.000720 3 4941.592285 0.000687 5 5622.037109 0.000598 7 6792.997559 0.000441 2 7304.465332 0.000267 11 7532.827148 0.000327 1 11035.662109 0.000254 0 12388.065430 0.000289 10 13495.364258 0.000263
0.340922 14 9 766.164551 0.000451 12 1061.862915 0.000666 6 2731.738281 0.000190 4 3397.890869 0.000292 13 3866.709961 0.000570 8 4417.559570 0.000778 3 4940.140625 0.000967 5 5614.654297 0.000544 7 6783.417480 0.000430 2 7304.780273 0.000295 11 7534.415527 0.000222 1 11021.341797 0.000239 0 12360.435547 0.000298 10 13501.075195 0.000348
0.350922 14 9 764.052368 0.000470 12 1067.671997 0.000604 6 2737.157471 0.000165 4 3401.922363 0.000281 13 3861.532227 0.000563 8 4432.768555 0.000647 3 4950.515625 0.000617 5 5613.910156 0.000491 7 6781.532227 0.000388 2 7306.181152 0.000279 11 7544.977051 0.000200 1 11032.301758 0.000223 0 12361.748047 0.000305 10 13497.776367 0.000260
0.360922 14 9 760.411255 0.000499 12 1072.744507 0.000558 6 2744.052734 0.000141 4 3410.867676 0.000299 13 3857.988525 0.000449 8 4436.184082 0.000440 3 4953.810059 0.000489 5 5614.529297 0.000455 7 6780.646973 0.000362 2 7306.138672 0.000222 11 7555.538086 0.000178 1 11046.114258 0.000217 0 12374.621094 0.000339 10 13486.665039 0.000227
0.370922 14 9 758.114136 0.000563 12 1073.378296 0.000612 6 2756.459717 0.000135 4 3416.092041 0.000330 13 3856.166016 0.000383 8 4436.122559 0.000341 3 4955.658203 0.000398 5 5615.156250 0.000488 7 6780.756836 0.000391 2 7304.669922 0.000167 11 7565.456055 0.000198 1 11052.611328 0.000233 0 12384.423828 0.000391 10 13472.857422 0.000227
0.380922 14 9 756.659668 0.000647 12 1074.012085 0.000666 6 2759.244629 0.000138 4 3417.520264 0.000351 13 3853.858398 0.000383 8 4436.566895 0.000295 3 4956.460938 0.000415 5 5615.785156 0.000538 7 6781.122070 0.000434 2 7303.289551 0.000135 11 7570.502441 0.000235 1 11053.300781 0.000268 0 12383.627930 0.000501 10 13468.693359 0.000247
0.390922 14 9 758.719238 0.000924 12 1074.682495 0.000911 6 2754.153076 0.000149 4 3426.228760 0.000307 13 3851.349854 0.000382 8 4446.022461 0.000312 3 4957.263672 0.000432 5 5611.801758 0.000611 7 6798.419922 0.000582 2 7302.330078 0.000116 11 7567.715820 0.000182 1 11055.519531 0.000317 0 12380.458984 0.000639 10 13471.836914 0.000281
0.400922 14 9 768.738586 0.001404 12 1075.683838 0.001294 6 2754.116699 0.000177 4 3431.697266 0.000242 13 3878.951416 0.000319 8 4458.197754 0.000372 3 4958.300781 0.000525 5 5644.799805 0.000696 7 6807.184570 0.000507 2 7301.779297 0.000074 11 7562.992676 0.000138 1 11060.515625 0.000355 0 12379.047852 0.000606 10 13472.592773 0.000323
0.410922 13 9 771.128235 0.001249 12 1078.677368 0.002116 6 2756.258057 0.000195 4 3433.152344 0.000207 13 3889.438721 0.000278 8 4451.363281 0.000320 3 4946.622559 0.000462 5 5652.260254 0.000647 7 6813.087402 0.000463 11 7569.469238 0.000126 1 11059.153320 0.000312 0 12380.840820 0.000505 10 13471.987305 0.000265
0.420922 13 9 772.878113 0.001125 12 1079.451050 0.002147 6 2765.064209 0.000235 4 3433.882812 0.000191 13 3886.757812 0.000248 8 4450.497559 0.000235 3 4940.957031 0.000390 5 5650.828613 0.000555 7 6815.577637 0.000482 11 7580.383789 0.000126 1 11057.059570 0.000261 0 12382.311523 0.000432 10 13474.502930 0.000205
0.430922 13 9 779.075439 0.001251 12 1079.948975 0.001898 6 2771.166504 0.000290 4 3433.573242 0.000184 13 3879.574219 0.000248 8 4450.745117 0.000184 3 4921.940430 0.000314 5 5650.442383 0.000220 7 6817.617188 0.000505 11 7591.298340 0.000125 1 11054.012695 0.000234 0 12383.126953 0.000361 10 13478.419922 0.000177
0.440922 12 9 786.537842 0.001448 12 1081.370850 0.001666 6 2764.751709 0.000255 4 3431.403564 0.000188 13 3871.176514 0.000252 8 4450.753906 0.000188 3 4922.560547 0.000149 7 6818.562500 0.000475 11 7591.657227 0.000159 1 11052.757812 0.000193 0 12381.272461 0.000316 10 13481.997070 0.000161
0.450922 11 9 786.848755 0.001783 12 1084.086670 0.001486 6 2763.232910 0.000223 4 3425.537842 0.000204 13 3863.646484 0.000248 8 4450.741699 0.000198 7 6817.513184 0.000377 11 7592.291016 0.000179 1 11052.383789 0.000159 0 12379.992188 0.000290 10 13484.795898 0.000175
0.460922 11 9 783.132202 0.001544 12 1088.235474 0.001368 6 2762.291504 0.000200 4 3418.983398 0.000242 13 3858.509033 0.000256 8 4450.548340 0.000221 7 6816.444824 0.000302 11 7596.467773 0.000147 1 11049.526367 0.000143 0 12379.686523 0.000282 10 13485.399414 0.000193
0.470922 11 9 774.275269 0.001185 12 1095.435425 0.001296 6 2757.676025 0.000180 4 3416.649170 0.000268 13 3853.356689 0.000268 8 4449.363770 0.000320 7 6815.498047 0.000248 11 7593.630371 0.000123 1 11041.172852 0.000157 0 12378.586914 0.000289 10 13478.133789 0.000188
0.480922 11 9 758.063538 0.000818 12 1100.701172 0.001123 6 2767.317871 0.000182 4 3417.081055 0.000280 13 3849.159912 0.000290 8 4445.155273 0.000539 7 6812.490234 0.000219 11 7584.083984 0.000127 1 11032.819336 0.000171 0 12375.570312 0.000291 10 13473.736328 0.000169
0.490922 11 9 738.897766 0.000543 12 1099.100464 0.001048 6 2782.668457 0.000192 4 3417.712891 0.000293 13 3846.196533 0.000322 8 4447.979980 0.000666 7 6805.308594 0.000229 11 7574.537598 0.000131 1 11032.601562 0.000235 0 12374.020508 0.000135 10 13473.336914 0.000170
0.500922 10 9 739.986755 0.000455 12 1097.432983 0.000975 6 2793.624512 0.000240 4 3420.921631 0.000335 13 3844.201660 0.000351 8 4450.970215 0.000684 7 6792.595215 0.000289 11 7568.937988 0.000160 1 11031.938477 0.000328 10 13473.291016 0.000176
0.510922 10 9 742.010376 0.000381 12 1095.360840 0.001173 6 2803.744141 0.000295 4 3425.385498 0.000415 13 3834.156250 0.000360 8 4453.970215 0.000729 7 6779.882324 0.000349 11 7567.091309 0.000220 1 11030.302734 0.000428 10 13473.691406 0.000202
0.520922 10 9 747.510193 0.000360 12 1093.273804 0.001382 6 2788.754639 0.000358 4 3428.574219 0.000510 13 3826.495605 0.000389 8 4455.558105 0.000805 7 6794.873535 0.000499 11 7566.802734 0.000277 1 11030.219727 0.000104 10 13474.671875 0.000253
0.530922 9 9 747.902527 0.000340 12 1102.806274 0.002013 6 2778.567627 0.000371 4 3422.508057 0.000431 13 3822.788574 0.000448 8 4456.459473 0.000906 7 6801.369141 0.000399 11 7567.568359 0.000268 10 13461.935547 0.000551
0.540922 9 9 747.951660 0.000347 12 1115.520264 0.002370 6 2772.004395 0.000288 4 3409.805664 0.000407 13 3816.540283 0.000531 8 4457.474121 0.001055 7 6811.082520 0.000453 11 7567.358398 0.000247 10 13457.958008 0.000673
0.550922 8 9 748.076538 0.000388 12 1114.873047 0.002236 4 3404.622070 0.000397 13 3809.442383 0.000594 8 4466.251465 0.000855 7 6803.849121 0.000280 11 7565.997559 0.000223 10 13474.366211 0.000582
0.560922 8 9 748.474854 0.000458 12 1114.034058 0.002088 4 3404.616211 0.000389 13 3808.345703 0.000555 8 4450.591309 0.000632 7 6798.701172 0.000261 11 7560.362305 0.000197 10 13483.063477 0.000478
0.570922 8 9 749.919556 0.000638 12 1113.234375 0.002156 4 3388.762451 0.000448 13 3807.239746 0.000480 8 4438.222656 0.000452 7 6793.553223 0.000242 11 7553.427246 0.000199 10 13480.528320 0.000385
0.580922 8 9 754.140991 0.000913 12 1112.039429 0.002219 4 3366.010010 0.000532 13 3785.377686 0.000551 8 4440.365234 0.000329 7 6793.148926 0.000239 11 7565.388672 0.000213 10 13475.070312 0.000363
0.590922 8 9 757.634338 0.000861 12 1104.677246 0.001555 4 3384.679932 0.000380 13 3777.441895 0.000415 8 4447.181641 0.000289 7 6793.449707 0.000240 11 7577.350586 0.000227 10 13469.681641 0.000351
0.600922 8 9 760.661682 0.000676 12 1098.575684 0.001115 4 3392.130859 0.000307 13 3774.914307 0.000326 8 4453.270996 0.000267 7 6796.072266 0.000265 11 7578.350098 0.000263 10 13465.088867 0.000338
0.610922 8 9 758.971558 0.000531 12 1098.100586 0.000847 4 3396.825439 0.000184 13 3773.788086 0.000282 8 4458.578125 0.000266 7 6801.557129 0.000310 11 7575.004395 0.000317 10 13465.088867 0.000042
0.620922 6 9 755.368530 0.000426 12 1104.058838 0.000776 13 3774.149170 0.000285 8 4454.225098 0.000265 7 6806.682617 0.000365 11 7572.618164 0.000385
0.630922 6 9 750.946960 0.000408 12 1110.017090 0.000706 13 3774.510254 0.000288 8 4442.464355 0.000264 7 6810.200684 0.000414 11 7572.501465 0.000469
0.640922 6 9 740.151001 0.000401 12 1116.315918 0.001083 13 3790.305176 0.000380 8 4434.500488 0.000363 7 6814.698242 0.000386 11 7577.591309 0.000518
0.650922 6 9 733.129944 0.000268 12 1065.037231 0.000721 13 3795.234131 0.000277 8 4435.381348 0.000181 7 6816.303711 0.000242 11 7579.515625 0.000128
0.660922 3 9 732.177246 0.000176 12 1065.037231 0.000128 7 6817.305176 0.000197
0.670922 2 9 722.953003 0.000146 7 6818.635742 0.000155
0.680922 2 9 710.655029 0.000139 7 6822.678223 0.000148
0.690922 2 9 707.686768 0.000133 7 6824.566406 0.000131
0.700922 2 9 707.329041 0.000127 7 6824.303711 0.000050
0.710922 1 9 705.264587 0.000135
0.720922 1 9 702.026978 0.000151
0.730922 1 9 698.265137 0.000168
0.740922 1 9 699.094299 0.000133
0.750922 1 9 699.252319 0.000037
