par-text-partials-format
point-type time frequency amplitude
partials-count 158
partials-data
0 42 0.001626 1.375458
0.001626 1018.716919 0.000000 0.018713 1018.716919 0.000065 0.063917 1034.033936 0.000474 0.086934 1031.814697 0.000743 0.132511 1013.770935 0.000815 0.163144 1004.467896 0.002126 0.192999 991.786011 0.002231 0.218410 989.399902 0.003439 0.249420 1007.996582 0.006528 0.272747 1004.465271 0.007574 0.286690 1002.592468 0.006729 0.319749 1001.428162 0.004862 0.379291 1001.179688 0.004268 0.421060 1001.782104 0.005070 0.441259 1001.797729 0.005657 0.466996 1001.033997 0.005278 0.503723 1002.592224 0.004432 0.573722 991.296753 0.002024 0.586923 973.146667 0.007953 0.593466 976.155701 0.007127 0.618705 980.379272 0.004880 0.655691 1002.341492 0.004399 0.685324 999.397034 0.002670 0.716653 988.685486 0.001698 0.756626 985.664368 0.001000 0.818518 980.070190 0.000732 0.845782 976.615845 0.000774 0.878006 977.881592 0.000679 0.906035 978.331726 0.000560 0.959667 968.869202 0.000458 0.978187 967.040649 0.000449 1.027593 963.646790 0.000397 1.080084 958.583740 0.000588 1.109112 958.674805 0.000850 1.133357 961.155212 0.001026 1.157818 966.159180 0.001108 1.182731 967.027588 0.001034 1.222095 965.256104 0.000886 1.259447 963.616028 0.000841 1.277261 962.178101 0.000697 1.347592 977.979187 0.000952 1.375458 976.790466 0.001200
1 21 0.001983 0.615300
0.001983 3203.124023 0.000000 0.019070 3203.124023 0.000122 0.064519 3213.476807 0.000636 0.096257 3197.662598 0.001469 0.112700 3197.418945 0.002114 0.160211 3213.709717 0.001862 0.198332 3218.409424 0.003166 0.231538 3192.007812 0.004516 0.250597 3188.284424 0.006038 0.270724 3219.674805 0.005524 0.295079 3219.091553 0.005107 0.314616 3236.204590 0.004163 0.363374 3236.625000 0.003074 0.433914 3225.572998 0.001902 0.471809 3209.637207 0.001409 0.503094 3222.277100 0.003741 0.526062 3221.053223 0.005301 0.545017 3205.515137 0.008857 0.554009 3207.114014 0.007488 0.581127 3222.757080 0.001413 0.615300 3222.757080 0.000000
2 20 0.002211 0.583590
0.002211 3985.873779 0.000000 0.019298 3985.873779 0.000144 0.059199 4003.077637 0.000648 0.076081 3972.913818 0.000684 0.117307 3970.895752 0.000873 0.166180 3983.886230 0.000892 0.200570 3983.711426 0.001641 0.231020 3994.750732 0.003248 0.250279 3954.105713 0.004497 0.250739 3991.658447 0.004848 0.284693 3986.559570 0.004532 0.304141 4002.671143 0.001766 0.345944 4004.829102 0.001159 0.420063 4008.289795 0.001297 0.474324 4005.715332 0.001900 0.503890 4024.250732 0.003716 0.536336 3992.761230 0.003896 0.539592 3975.649658 0.007721 0.549415 3976.465820 0.006031 0.583590 3976.465820 0.000000
3 14 0.002599 0.374617
0.002599 4352.713867 0.000000 0.019685 4352.713867 0.000483 0.053033 4371.264648 0.000521 0.074291 4350.967773 0.000804 0.105587 4372.875000 0.001034 0.138706 4388.587891 0.001179 0.195661 4357.104004 0.000894 0.233427 4349.972656 0.002400 0.256853 4373.199219 0.005254 0.270948 4373.386230 0.006397 0.287775 4374.396484 0.005749 0.304537 4380.105469 0.003591 0.340443 4386.381836 0.002490 0.374617 4386.381836 0.000000
4 14 0.003053 0.374466
0.003053 9149.570312 0.000000 0.020140 9149.570312 0.000074 0.039862 9166.290039 0.000204 0.080323 9162.823242 0.000281 0.099612 9164.103516 0.000308 0.154126 9155.654297 0.000323 0.194542 9167.582031 0.000604 0.231784 9167.750977 0.000921 0.262306 9147.848633 0.001561 0.290173 9162.378906 0.003801 0.305140 9159.605469 0.004560 0.312333 9141.210938 0.005128 0.340292 9124.815430 0.003440 0.374466 9124.815430 0.000000
5 19 0.003527 0.567837
0.003527 7539.060547 0.000000 0.020614 7539.060547 0.000201 0.046264 7555.685547 0.000245 0.067394 7537.572754 0.000345 0.115633 7542.531250 0.000401 0.138170 7544.071289 0.000533 0.168028 7560.950684 0.000563 0.217487 7535.589355 0.000776 0.247285 7537.742676 0.001016 0.279484 7561.391113 0.002617 0.290714 7558.695801 0.002648 0.306206 7557.462891 0.001944 0.371035 7577.258789 0.001592 0.410650 7579.988281 0.001633 0.470661 7566.811035 0.001399 0.504432 7581.672363 0.003559 0.529235 7566.348633 0.005171 0.533663 7569.092285 0.005823 0.567837 7569.092285 0.000000
6 14 0.003979 0.375470
0.003979 9494.727539 0.000000 0.021066 9494.727539 0.000205 0.037777 9490.200195 0.000270 0.069382 9506.744141 0.000212 0.121980 9504.753906 0.000273 0.162427 9504.740234 0.000411 0.197592 9496.637695 0.001429 0.228245 9492.415039 0.002632 0.256949 9491.010742 0.004244 0.280297 9489.931641 0.005831 0.297545 9488.000977 0.006347 0.308316 9486.952148 0.005074 0.341296 9506.838867 0.001872 0.375470 9506.838867 0.000000
7 37 0.004509 1.197765
0.004509 2273.702881 0.000000 0.021596 2273.702881 0.000411 0.041990 2273.237549 0.000606 0.084353 2255.828857 0.000652 0.112546 2239.284424 0.000991 0.160628 2218.650635 0.001690 0.170507 2243.693115 0.001543 0.212903 2243.087891 0.001912 0.238657 2243.105225 0.002302 0.265812 2241.632568 0.002440 0.302643 2239.815186 0.002521 0.323569 2235.618652 0.002508 0.355766 2236.398926 0.002072 0.403424 2235.591553 0.001853 0.427669 2234.926514 0.001791 0.462154 2240.452881 0.001566 0.487695 2240.827148 0.001229 0.535292 2259.615723 0.005335 0.558951 2254.539551 0.004678 0.590625 2251.583496 0.003617 0.623536 2248.946777 0.002699 0.655104 2247.213135 0.001945 0.682416 2246.412598 0.001281 0.713008 2245.476318 0.000751 0.754373 2244.145996 0.000448 0.798022 2241.661621 0.000304 0.867056 2229.577393 0.000324 0.889872 2229.889160 0.000418 0.914838 2230.998535 0.000446 0.943546 2246.573730 0.000415 0.965365 2245.279785 0.000348 1.018581 2244.695312 0.000292 1.065706 2229.966309 0.000313 1.073441 2228.104004 0.000317 1.090319 2227.750977 0.000228 1.163592 2251.978516 0.000176 1.197765 2251.978516 0.000000
8 24 0.004852 0.746330
0.004852 545.177063 0.000000 0.021939 545.177063 0.000109 0.052682 526.184875 0.000361 0.064137 559.166931 0.000231 0.106888 560.705139 0.000270 0.125274 575.641174 0.000833 0.181641 566.825684 0.001317 0.224251 551.282776 0.002457 0.239409 549.894043 0.003302 0.260565 548.391846 0.003454 0.279836 548.267883 0.002837 0.304568 550.400818 0.001861 0.340999 554.766602 0.001132 0.414731 555.397339 0.001036 0.462637 538.965637 0.002161 0.481090 540.600403 0.002939 0.503782 542.428162 0.003208 0.552310 543.462646 0.003715 0.595833 544.340454 0.005243 0.614283 544.588379 0.006720 0.628140 543.641235 0.006433 0.644877 542.404236 0.004526 0.712156 557.617737 0.000313 0.746330 557.617737 0.000000
9 42 0.004985 1.371897
0.004985 3343.877686 0.000000 0.022072 3343.877686 0.000286 0.059516 3330.154541 0.001611 0.083745 3330.294434 0.002680 0.101793 3330.491943 0.003488 0.144035 3320.137939 0.003553 0.165827 3316.062012 0.004275 0.207424 3311.065918 0.004785 0.231455 3309.334473 0.005480 0.258162 3310.999756 0.005161 0.281545 3315.597412 0.004280 0.304996 3321.734375 0.003007 0.348484 3345.528564 0.002439 0.377280 3347.366211 0.001711 0.437561 3353.782959 0.001466 0.489510 3354.635742 0.001810 0.520210 3350.397705 0.002241 0.542364 3347.558594 0.002769 0.573911 3347.007812 0.002912 0.590077 3328.308350 0.002708 0.608260 3340.551025 0.001982 0.644652 3342.076172 0.001122 0.730873 3317.913818 0.000624 0.759808 3317.862305 0.000862 0.765464 3342.752930 0.000987 0.803084 3360.097900 0.000990 0.850751 3358.250244 0.000904 0.886173 3351.367432 0.001057 0.901744 3350.982178 0.001019 0.920564 3352.963867 0.000729 0.948739 3353.895752 0.000441 1.008196 3361.534912 0.000456 1.036582 3361.818848 0.000373 1.099216 3335.077881 0.000430 1.125514 3336.834229 0.000515 1.141357 3337.354980 0.000490 1.155594 3337.478516 0.000344 1.205087 3339.329590 0.000226 1.270800 3359.626465 0.000295 1.298947 3356.421143 0.000356 1.326796 3353.614258 0.000395 1.371897 3350.407715 0.000446
10 43 0.005023 1.388946
0.005023 2392.797607 0.000000 0.022110 2392.797607 0.000236 0.049590 2384.075928 0.000481 0.090459 2372.539062 0.000389 0.123922 2359.576172 0.001245 0.144133 2346.057861 0.002467 0.166594 2349.951660 0.002895 0.225950 2335.033447 0.002616 0.259030 2330.580811 0.004840 0.280598 2327.541748 0.006837 0.292699 2308.243896 0.011177 0.302161 2309.846680 0.008377 0.336922 2291.075684 0.003810 0.391468 2301.862793 0.001081 0.457840 2291.295410 0.003772 0.482161 2292.443848 0.005130 0.505386 2287.420410 0.004963 0.525628 2304.253418 0.004881 0.545660 2305.017578 0.003575 0.587899 2330.407959 0.003438 0.617548 2333.710693 0.002529 0.642995 2333.040771 0.001577 0.681145 2330.980713 0.000921 0.715173 2333.215088 0.000514 0.765613 2335.616211 0.000349 0.818292 2315.330566 0.000384 0.850561 2319.847900 0.000406 0.881810 2321.212646 0.000436 0.912370 2320.718994 0.000432 0.939620 2315.599121 0.000388 0.988280 2333.646484 0.000319 1.029912 2349.646729 0.000417 1.053199 2369.319824 0.000567 1.063094 2369.522461 0.000487 1.093436 2349.760254 0.000313 1.152791 2347.918945 0.000255 1.204455 2349.527832 0.000277 1.231866 2352.846436 0.000353 1.249082 2356.221680 0.000368 1.273745 2357.809814 0.000311 1.343355 2337.091064 0.000337 1.362833 2335.701660 0.000415 1.388946 2334.636475 0.000419
11 12 0.005208 0.321142
0.005208 2566.440674 0.000000 0.022295 2566.440674 0.000634 0.054216 2558.355957 0.001530 0.069717 2581.956055 0.000430 0.115813 2599.742188 0.003078 0.150437 2597.474854 0.004514 0.188811 2621.331787 0.004695 0.200814 2621.930664 0.006050 0.216714 2616.141602 0.005311 0.247837 2613.241943 0.004162 0.286969 2630.879883 0.002412 0.321142 2630.879883 0.000000
12 42 0.005286 1.371519
0.005286 2046.046143 0.000000 0.022372 2046.046143 0.000342 0.055079 2038.385010 0.001038 0.090728 2020.313599 0.000737 0.125400 2018.221069 0.001285 0.157265 2007.204468 0.002599 0.177686 2006.720215 0.003826 0.221077 2001.332153 0.004946 0.238419 1998.060181 0.006801 0.257549 1999.363770 0.006894 0.280023 2000.999268 0.005642 0.301462 2002.233276 0.003734 0.339851 2003.076904 0.002194 0.396981 2006.986938 0.001526 0.434891 1997.491699 0.001021 0.469415 1996.569824 0.001031 0.500601 1974.517456 0.001633 0.530169 1973.784424 0.001503 0.563260 1972.016113 0.001339 0.585442 1972.379517 0.001038 0.617243 1952.088501 0.000862 0.660855 1956.793213 0.000706 0.702146 1958.547607 0.000601 0.734561 1961.459717 0.000542 0.764867 1961.875488 0.000457 0.802418 1960.755493 0.000380 0.842032 1957.494141 0.000350 0.872919 1955.684204 0.000332 0.909957 1956.094482 0.000303 0.942081 1957.553711 0.000276 0.992954 1969.105347 0.000309 1.020413 1969.620361 0.000356 1.043316 1970.943481 0.000345 1.067755 1978.877197 0.000289 1.098005 1980.872803 0.000216 1.155997 1981.950439 0.000184 1.192009 1980.684692 0.000186 1.240118 1973.521362 0.000213 1.259881 1969.748291 0.000262 1.286895 1969.716064 0.000271 1.333724 1970.466187 0.000293 1.371519 1973.558105 0.000352
13 12 0.005406 0.306722
0.005406 3479.322266 0.000000 0.022493 3479.322266 0.000319 0.049242 3470.672607 0.000882 0.088356 3497.188477 0.000878 0.103029 3466.009033 0.001212 0.139414 3480.943359 0.001670 0.175165 3484.820801 0.001823 0.218969 3491.399658 0.003126 0.239338 3488.547119 0.004071 0.258148 3470.066162 0.005813 0.272548 3474.240723 0.004695 0.306722 3474.240723 0.000000
14 12 0.005504 0.310972
0.005504 2497.260742 0.000000 0.022590 2497.260742 0.000753 0.041016 2497.654785 0.001124 0.075978 2497.946045 0.001542 0.123436 2497.459717 0.002472 0.160675 2498.668213 0.004459 0.180032 2495.504883 0.007037 0.199743 2490.401855 0.008020 0.210401 2503.001221 0.005265 0.255460 2505.055176 0.003997 0.276798 2477.615967 0.007017 0.310972 2477.615967 0.000000
15 43 0.005579 1.388353
0.005579 442.815369 0.000000 0.022666 442.815369 0.000098 0.057818 440.137451 0.000170 0.082206 451.594055 0.000218 0.092914 468.435394 0.000507 0.148098 471.783569 0.000588 0.188663 473.189972 0.000934 0.211834 450.773346 0.002399 0.224439 450.464020 0.002598 0.242929 444.658997 0.001967 0.288125 436.899078 0.001484 0.299844 436.088745 0.001066 0.358107 442.683960 0.000624 0.426269 436.706940 0.000371 0.456235 434.936615 0.000550 0.483308 452.352203 0.001200 0.532691 450.370361 0.001970 0.545764 471.770355 0.006391 0.560684 470.254700 0.006269 0.572265 467.986084 0.004407 0.610994 476.983826 0.001852 0.642966 461.957306 0.001145 0.677504 440.713867 0.000713 0.722461 450.667877 0.000888 0.763848 451.253448 0.000662 0.816417 430.000763 0.001115 0.843744 429.440369 0.001147 0.866474 426.990356 0.001021 0.893496 426.032379 0.000782 0.932136 424.147888 0.000528 0.985441 416.259460 0.000568 1.039957 416.187469 0.000766 1.075522 416.306061 0.001200 1.093698 417.673828 0.001605 1.114607 418.020325 0.001704 1.153048 417.999939 0.001678 1.200342 418.759369 0.001893 1.231186 420.026093 0.002322 1.251766 420.096008 0.002467 1.272599 417.891388 0.002067 1.303740 416.713135 0.001549 1.352327 417.307281 0.001221 1.388353 415.155731 0.001079
16 19 0.005639 0.593835
0.005639 1405.136475 0.000000 0.022725 1405.136475 0.000184 0.051226 1411.289551 0.000155 0.088862 1429.849731 0.000975 0.111336 1429.458618 0.001448 0.142376 1427.414551 0.002061 0.192808 1415.917725 0.004631 0.208878 1385.351196 0.006536 0.211243 1412.875488 0.007199 0.261988 1411.951172 0.009306 0.281203 1406.563354 0.007780 0.298892 1397.628784 0.005310 0.352561 1395.561523 0.003361 0.424413 1408.093994 0.001884 0.435082 1393.700806 0.003861 0.470233 1387.488892 0.003800 0.497229 1406.291626 0.003639 0.559661 1413.481445 0.003685 0.593835 1413.481445 0.000000
17 18 0.005696 0.514169
0.005696 3550.927979 0.000000 0.022782 3550.927979 0.000541 0.050468 3567.802002 0.000710 0.076844 3568.518555 0.001056 0.114980 3589.295898 0.000854 0.153540 3583.832275 0.001438 0.193422 3580.843994 0.002210 0.217417 3568.420410 0.004627 0.231295 3572.581055 0.005635 0.244114 3575.474121 0.004938 0.266414 3581.653076 0.003231 0.299839 3585.487793 0.001977 0.368746 3585.863037 0.001437 0.418745 3581.288330 0.001730 0.430538 3579.273193 0.002011 0.445449 3582.104248 0.001574 0.479995 3583.651367 0.001068 0.514169 3583.651367 0.000000
18 33 0.005887 1.067256
0.005887 2175.984131 0.000000 0.022973 2175.984131 0.000162 0.045411 2166.793701 0.000442 0.078776 2164.878906 0.000652 0.108849 2180.855713 0.000613 0.159860 2200.918457 0.002690 0.181902 2221.075684 0.002659 0.209714 2221.767334 0.003669 0.242573 2220.687744 0.004753 0.280030 2218.489014 0.006033 0.290498 2201.947998 0.008367 0.313905 2199.468262 0.006675 0.353367 2198.259521 0.005161 0.405920 2197.876221 0.004804 0.434430 2200.691406 0.004818 0.468712 2204.600342 0.004872 0.495219 2206.743164 0.004710 0.515438 2205.791504 0.003722 0.544473 2203.459961 0.002532 0.600801 2222.916260 0.001477 0.644723 2219.781738 0.001407 0.662481 2216.947266 0.001401 0.684376 2216.194824 0.001054 0.707713 2216.517334 0.000642 0.744476 2215.372314 0.000348 0.822475 2196.923828 0.000342 0.853196 2193.183105 0.000407 0.877084 2190.872559 0.000445 0.905497 2189.560303 0.000418 0.923456 2189.242920 0.000324 0.956619 2196.046631 0.000212 1.033082 2214.269531 0.000234 1.067256 2214.269531 0.000000
19 17 0.005932 0.514079
0.005932 9047.729492 0.000000 0.023019 9047.729492 0.000258 0.024706 9031.457031 0.000196 0.079793 9031.265625 0.000249 0.109601 9016.496094 0.000351 0.134238 9035.836914 0.000444 0.192878 9044.896484 0.000501 0.214599 9044.275391 0.000708 0.262179 9051.983398 0.001385 0.282614 9032.055664 0.005538 0.294916 9032.883789 0.006346 0.307378 9034.095703 0.005164 0.337028 9017.731445 0.002586 0.368033 9039.452148 0.001138 0.439431 9043.602539 0.000917 0.479905 9048.742188 0.001023 0.514079 9048.742188 0.000000
20 43 0.006069 1.379676
0.006069 3789.823486 0.000000 0.023156 3789.823486 0.000276 0.052608 3778.841797 0.000939 0.076184 3779.445557 0.001413 0.096903 3778.162598 0.001693 0.149161 3795.384033 0.001202 0.166906 3797.350586 0.001604 0.197669 3780.854248 0.001422 0.225843 3790.661621 0.001765 0.281372 3774.513916 0.001048 0.288724 3793.682617 0.001458 0.319874 3798.424561 0.001147 0.361834 3779.239990 0.001376 0.374867 3802.190674 0.000782 0.466043 3799.749512 0.000968 0.490263 3810.077393 0.001302 0.531108 3788.865723 0.004067 0.539053 3788.491455 0.005194 0.549609 3787.382080 0.004506 0.572857 3786.626953 0.002897 0.619838 3786.340088 0.001756 0.663496 3787.125488 0.001295 0.695237 3793.219482 0.001063 0.713017 3796.967285 0.000782 0.760499 3801.702148 0.000500 0.808911 3805.037354 0.000428 0.865995 3810.096924 0.000508 0.882594 3815.035400 0.000663 0.895040 3818.035889 0.000598 0.922885 3822.142334 0.000432 0.993052 3823.910156 0.000409 1.040763 3836.480957 0.000620 1.047616 3834.217773 0.000755 1.053327 3834.194092 0.000595 1.114474 3852.801025 0.000479 1.164441 3853.047607 0.000521 1.188272 3852.934570 0.000593 1.220424 3830.200195 0.000624 1.238131 3829.315918 0.000549 1.258760 3827.297363 0.000372 1.296845 3846.212402 0.000178 1.345501 3849.310547 0.000201 1.379676 3849.310547 0.000000
21 22 0.006086 0.640675
0.006086 3084.941650 0.000000 0.023173 3084.941650 0.000416 0.053814 3074.557861 0.000866 0.073728 3092.967041 0.000469 0.124053 3092.286133 0.000757 0.124746 3079.306885 0.001467 0.154426 3064.739746 0.001370 0.206208 3092.613281 0.000734 0.254711 3070.211182 0.002776 0.270622 3069.172607 0.003677 0.289543 3069.087891 0.003694 0.317734 3069.681641 0.003092 0.363318 3069.371826 0.002693 0.407495 3069.867920 0.002818 0.448727 3072.818848 0.003390 0.478753 3073.328125 0.004278 0.511774 3072.267578 0.005069 0.535848 3070.061768 0.005421 0.554690 3068.137695 0.004760 0.572869 3067.529297 0.003218 0.606501 3082.099365 0.000710 0.640675 3082.099365 0.000000
22 42 0.006091 1.348178
0.006091 8196.122070 0.000000 0.023177 8196.122070 0.000158 0.051772 8179.317383 0.000181 0.090215 8158.726562 0.000584 0.099148 8171.915039 0.000742 0.108391 8176.457520 0.000678 0.147191 8180.606934 0.000523 0.189773 8196.785156 0.001603 0.236101 8209.653320 0.001121 0.283256 8188.904785 0.001597 0.283604 8212.903320 0.001392 0.312062 8184.951660 0.001196 0.360010 8183.448242 0.001000 0.420412 8162.273926 0.000964 0.425122 8148.019531 0.000364 0.498270 8178.122070 0.003151 0.512255 8169.637207 0.005111 0.520635 8169.769043 0.004910 0.536244 8188.041016 0.001782 0.578117 8191.187012 0.001071 0.647966 8195.144531 0.001298 0.672528 8211.455078 0.001527 0.698398 8228.946289 0.001298 0.707214 8228.713867 0.000929 0.743918 8235.332031 0.000323 0.797566 8237.398438 0.000218 0.852868 8211.748047 0.000247 0.881391 8209.462891 0.000285 0.919099 8180.450684 0.000299 0.940425 8178.169434 0.000293 0.997813 8196.936523 0.000366 1.033036 8196.220703 0.000508 1.057806 8194.135742 0.000638 1.074482 8192.492188 0.000656 1.102982 8193.937500 0.000532 1.142474 8195.401367 0.000427 1.170468 8195.957031 0.000354 1.210216 8193.829102 0.000293 1.258723 8193.447266 0.000279 1.291354 8192.239258 0.000296 1.314004 8189.576660 0.000288 1.348178 8189.576660 0.000000
23 39 0.006147 1.219594
0.006147 3039.722656 0.000000 0.023233 3039.722656 0.000573 0.031421 3038.481689 0.000794 0.066551 3028.645020 0.000696 0.108756 3043.108398 0.000846 0.153751 3025.564697 0.000933 0.154438 3045.128418 0.001272 0.213340 3046.107422 0.002755 0.255858 3039.220459 0.005128 0.273164 3035.604736 0.007224 0.282572 3034.655518 0.007056 0.296940 3035.640869 0.004743 0.334660 3038.312744 0.002527 0.412490 3017.501221 0.001517 0.457818 3022.350098 0.002181 0.467322 3043.285645 0.003333 0.500874 3044.268799 0.003291 0.527424 3044.885498 0.003049 0.559220 3024.222412 0.003111 0.571204 3027.394287 0.002130 0.642392 3044.903076 0.001041 0.677340 3047.054443 0.001173 0.710488 3046.555664 0.001280 0.736600 3047.509521 0.001274 0.756044 3047.239258 0.001047 0.783998 3027.107422 0.000563 0.860335 3028.132324 0.000504 0.903732 3028.755615 0.000736 0.920956 3027.616943 0.000974 0.928741 3027.589111 0.000908 0.952417 3035.969727 0.000570 1.003748 3038.384766 0.000398 1.068900 3039.714600 0.000439 1.087387 3040.268799 0.000532 1.106793 3032.926514 0.000479 1.139264 3028.852783 0.000393 1.167174 3014.956787 0.000319 1.185420 3015.404541 0.000209 1.219594 3015.404541 0.000000
24 25 0.006183 0.776529
0.006183 2524.410156 0.000000 0.023270 2524.410156 0.000777 0.047741 2524.583740 0.001300 0.080932 2524.988525 0.002020 0.114052 2526.505127 0.003034 0.150871 2528.222656 0.004766 0.180459 2528.638428 0.007121 0.203627 2527.992432 0.009107 0.227027 2526.343750 0.009680 0.254887 2524.998047 0.008849 0.280510 2523.569336 0.007148 0.305618 2521.713135 0.005088 0.340618 2521.665283 0.003246 0.386815 2520.961914 0.002194 0.433327 2516.037842 0.002097 0.477287 2516.788574 0.002305 0.482844 2536.986084 0.002050 0.556507 2551.893555 0.001659 0.590463 2549.443115 0.002561 0.591628 2566.338379 0.004210 0.606034 2568.228271 0.002807 0.641216 2537.290039 0.000487 0.682780 2505.203857 0.000514 0.742356 2479.697754 0.000447 0.776529 2479.697754 0.000000
25 43 0.006245 1.393425
0.006245 2068.789795 0.000000 0.023332 2068.789795 0.000409 0.039429 2070.121094 0.000595 0.075427 2086.471680 0.000629 0.123184 2085.008789 0.001029 0.158254 2101.454346 0.002368 0.188520 2105.572021 0.004656 0.207289 2104.019043 0.006520 0.221379 2104.534180 0.006861 0.253520 2108.229492 0.005989 0.279525 2073.228271 0.006499 0.303192 2069.600830 0.004479 0.331156 2067.373047 0.002665 0.394897 2064.957275 0.001780 0.435028 2082.630859 0.001271 0.485924 2066.859375 0.002378 0.512053 2066.242188 0.003015 0.534120 2048.566650 0.003954 0.544843 2054.249268 0.003192 0.579136 2080.776123 0.001017 0.642673 2101.919189 0.000358 0.665758 2087.860352 0.000746 0.692469 2087.293701 0.000612 0.724526 2083.417725 0.000450 0.763742 2080.523438 0.000360 0.796986 2080.686523 0.000287 0.843171 2056.738281 0.000325 0.874102 2062.587158 0.000326 0.903388 2066.415039 0.000287 0.938772 2072.191650 0.000273 0.973603 2073.121826 0.000246 1.016878 2072.700195 0.000232 1.046321 2069.590576 0.000224 1.086263 2060.517090 0.000243 1.104130 2063.158203 0.000222 1.149031 2063.720459 0.000191 1.184847 2064.789307 0.000184 1.208622 2061.736328 0.000165 1.263379 2083.717041 0.000199 1.291739 2080.112793 0.000204 1.348313 2076.085693 0.000266 1.371396 2073.665283 0.000376 1.393425 2069.662842 0.000440
26 12 0.013225 0.326644
0.013225 9257.618164 0.000000 0.030312 9257.618164 0.000282 0.074124 9246.835938 0.000311 0.093210 9247.785156 0.000453 0.122585 9231.170898 0.000295 0.181685 9243.749023 0.000540 0.211694 9242.801758 0.000884 0.247397 9253.847656 0.001200 0.275429 9235.043945 0.005693 0.283958 9235.195312 0.006856 0.292471 9234.602539 0.005545 0.326644 9234.602539 0.000000
27 43 0.013315 1.403838
0.013315 1485.036133 0.000000 0.030402 1485.036133 0.000110 0.078537 1465.660889 0.001336 0.101286 1462.400635 0.002092 0.133369 1462.468140 0.003072 0.174552 1465.159302 0.004674 0.212607 1458.468872 0.003769 0.218884 1467.699707 0.009571 0.238320 1464.670654 0.008870 0.253738 1461.776978 0.006374 0.311519 1439.454956 0.003661 0.376727 1431.656982 0.004772 0.391306 1433.076050 0.006117 0.416981 1435.716919 0.006020 0.449984 1442.106201 0.005333 0.476423 1443.524414 0.004756 0.528787 1439.984619 0.004112 0.571304 1425.565674 0.006053 0.576466 1428.480469 0.005909 0.593674 1433.205444 0.003872 0.633388 1450.186157 0.001259 0.662573 1431.738037 0.001078 0.696434 1447.960938 0.000639 0.741258 1457.782349 0.000514 0.778521 1464.164917 0.000353 0.814649 1468.371216 0.000263 0.853507 1472.718872 0.000214 0.873317 1478.260620 0.000170 0.918495 1498.152710 0.000195 0.948349 1497.731445 0.000145 1.003732 1515.178589 0.000132 1.050700 1509.107300 0.000151 1.074655 1509.701782 0.000178 1.122504 1512.366943 0.000209 1.140602 1528.022705 0.000291 1.162496 1518.471191 0.000290 1.192826 1516.366943 0.000239 1.236736 1515.448486 0.000200 1.272754 1511.228394 0.000175 1.324010 1531.201904 0.000194 1.376253 1544.625000 0.000299 1.381899 1542.462646 0.000399 1.403838 1532.777344 0.000353
28 13 0.013488 0.371953
0.013488 698.375061 0.000000 0.030575 698.375061 0.000313 0.061152 677.996216 0.000321 0.105115 675.712585 0.000467 0.144004 696.193481 0.000739 0.176189 713.276123 0.000995 0.182345 679.516663 0.002372 0.211487 690.637634 0.003805 0.241269 691.798035 0.005368 0.257494 691.051575 0.004005 0.289302 685.428589 0.002381 0.337780 700.295898 0.001417 0.371953 700.295898 0.000000
29 36 0.014324 1.167980
0.014324 3543.739258 0.000000 0.031411 3543.739258 0.001035 0.055797 3542.818604 0.001380 0.080535 3542.173584 0.001571 0.126132 3543.820068 0.001815 0.163655 3542.969971 0.002310 0.196138 3525.380371 0.006175 0.215174 3527.510254 0.007010 0.235025 3529.090088 0.006284 0.256245 3530.147949 0.004478 0.287281 3537.306396 0.002353 0.345543 3522.742920 0.001627 0.364511 3539.506592 0.000946 0.426980 3532.120117 0.001057 0.470626 3533.955322 0.001339 0.499514 3553.672852 0.003035 0.513910 3553.728027 0.003126 0.541254 3557.468262 0.002526 0.564873 3558.926514 0.001826 0.603158 3555.322998 0.001140 0.661218 3548.796875 0.001151 0.696074 3547.729004 0.001213 0.724899 3547.468750 0.001224 0.749945 3522.463867 0.001109 0.778364 3523.463867 0.000877 0.804006 3523.203613 0.000605 0.864787 3505.058350 0.000601 0.893605 3497.711426 0.000596 0.914433 3495.144775 0.000519 0.967595 3495.983643 0.000448 1.019608 3496.812988 0.000542 1.039771 3488.370850 0.000582 1.055327 3507.413574 0.000681 1.081751 3522.732666 0.000705 1.133808 3520.835449 0.000531 1.167980 3520.835449 0.000000
30 30 0.015099 0.969092
0.015099 1817.788452 0.000000 0.032186 1817.788452 0.000689 0.050967 1819.074707 0.000920 0.092894 1820.167725 0.001184 0.139467 1838.016968 0.001851 0.176587 1828.011108 0.003846 0.201466 1821.518921 0.006947 0.229363 1821.107910 0.009807 0.253214 1821.312134 0.011806 0.269034 1822.258545 0.011211 0.282491 1822.312744 0.007737 0.318289 1832.440674 0.003802 0.373972 1820.773193 0.002387 0.421284 1830.448486 0.003072 0.473529 1807.320068 0.003480 0.482154 1832.773071 0.002235 0.524440 1835.795898 0.002389 0.532881 1804.033325 0.004130 0.558767 1803.553589 0.002641 0.596916 1802.572876 0.001536 0.639206 1826.938599 0.001187 0.662719 1824.285400 0.000801 0.707401 1814.995483 0.000576 0.764122 1794.477783 0.000469 0.779875 1800.936279 0.000438 0.815226 1803.430908 0.000349 0.855805 1805.872437 0.000307 0.885808 1806.418823 0.000265 0.934918 1807.704468 0.000240 0.969092 1807.704468 0.000000
31 42 0.016320 1.405391
0.016320 1930.092773 0.000000 0.033406 1930.092773 0.000174 0.069837 1944.630249 0.001343 0.106881 1929.239990 0.001795 0.126959 1945.437134 0.002977 0.151703 1921.432129 0.004793 0.189337 1926.266479 0.005479 0.216901 1907.570801 0.006803 0.252034 1910.005127 0.007753 0.271099 1914.266235 0.008104 0.287360 1911.048340 0.006064 0.335860 1890.416626 0.004353 0.369746 1890.546631 0.003534 0.398608 1888.804688 0.002638 0.420115 1899.381836 0.001244 0.456837 1885.992432 0.001054 0.522880 1866.117188 0.000753 0.551806 1885.324585 0.000605 0.583516 1882.189453 0.000613 0.614962 1882.114502 0.000568 0.663427 1853.675659 0.000609 0.683842 1853.869995 0.000624 0.702873 1856.393555 0.000482 0.748635 1860.962158 0.000365 0.780208 1863.507080 0.000329 0.817155 1859.552856 0.000258 0.835614 1857.157593 0.000202 0.889566 1842.238159 0.000162 0.934450 1822.481567 0.000210 0.983865 1818.728516 0.000288 0.995263 1818.813232 0.000336 1.007289 1819.621948 0.000274 1.033342 1818.461670 0.000170 1.094988 1819.243774 0.000112 1.146376 1821.252563 0.000122 1.201034 1804.098755 0.000159 1.214899 1804.175049 0.000232 1.230263 1804.043945 0.000247 1.254821 1805.279785 0.000208 1.301727 1805.626343 0.000179 1.358567 1808.168335 0.000195 1.405391 1812.727783 0.000333
32 21 0.016551 0.634467
0.016551 1723.062134 0.000000 0.033638 1723.062134 0.000455 0.067916 1739.018433 0.001329 0.071234 1751.810425 0.000553 0.136874 1719.947021 0.002308 0.153832 1719.901611 0.003253 0.184677 1712.338623 0.003029 0.236297 1709.430298 0.004700 0.260476 1710.325195 0.006455 0.270532 1724.722046 0.008175 0.285071 1721.255127 0.006306 0.314505 1721.109375 0.003691 0.364630 1720.786621 0.002221 0.402923 1723.079712 0.001615 0.468884 1725.986938 0.001865 0.503705 1728.099609 0.002648 0.522990 1730.622314 0.003274 0.545328 1733.037354 0.003210 0.565775 1735.965942 0.002564 0.600292 1752.327881 0.001649 0.634467 1752.327881 0.000000
33 23 0.016839 0.691773
0.016839 1531.987915 0.000000 0.033926 1531.987915 0.000285 0.060186 1514.127197 0.001019 0.082271 1524.541016 0.001191 0.110811 1526.008911 0.001356 0.163076 1533.865601 0.001202 0.205915 1545.377197 0.003747 0.221448 1547.573120 0.005544 0.243696 1546.332153 0.006060 0.270487 1544.188965 0.005648 0.307157 1541.558228 0.005232 0.343239 1522.969238 0.006533 0.381300 1521.817749 0.006249 0.401036 1517.390381 0.005663 0.419283 1533.517334 0.002765 0.475544 1549.424316 0.002171 0.523347 1547.630981 0.002112 0.553042 1564.139038 0.003225 0.567613 1560.972290 0.002824 0.600581 1568.899902 0.001776 0.625683 1569.047119 0.001152 0.657598 1579.885376 0.000851 0.691773 1579.885376 0.000000
34 19 0.017673 0.567021
0.017673 3154.584961 0.000000 0.034760 3154.584961 0.000714 0.047240 3154.173096 0.000989 0.096358 3173.460693 0.000925 0.127860 3174.544922 0.001443 0.159362 3176.979980 0.002068 0.191406 3151.060059 0.004135 0.212421 3150.264404 0.004931 0.239994 3148.099365 0.004907 0.254372 3133.126953 0.005463 0.279794 3140.383301 0.003643 0.352113 3144.549316 0.003158 0.394947 3168.621826 0.003078 0.421475 3162.865234 0.003019 0.443129 3185.997070 0.001554 0.486455 3159.279785 0.002455 0.524523 3139.276611 0.006310 0.532847 3137.102051 0.005936 0.567021 3137.102051 0.000000
35 14 0.018105 0.379257
0.018105 1883.495972 0.000000 0.035191 1883.495972 0.000555 0.063371 1877.251709 0.000889 0.103983 1895.315918 0.002034 0.139443 1894.547363 0.003922 0.160444 1888.080078 0.007155 0.171454 1885.039062 0.008258 0.195210 1878.529175 0.007209 0.244440 1875.920654 0.006749 0.269216 1861.940796 0.007651 0.291131 1869.374756 0.006680 0.315046 1870.228271 0.004407 0.345083 1870.691528 0.002471 0.379257 1870.691528 0.000000
36 43 0.018224 1.393648
0.018224 886.769104 0.000000 0.035310 886.769104 0.000651 0.049339 886.686157 0.000945 0.081157 894.322693 0.000514 0.095814 866.576294 0.000553 0.172440 851.462952 0.001925 0.196216 832.518433 0.002832 0.200590 836.710449 0.003072 0.226991 840.278137 0.002594 0.263739 842.464355 0.002085 0.283262 860.758118 0.002097 0.356618 874.877197 0.002084 0.393945 905.408081 0.002208 0.428232 907.415771 0.002972 0.478562 904.006287 0.004049 0.509047 903.944275 0.006922 0.527186 904.485535 0.009657 0.549001 906.824158 0.010638 0.565758 908.076843 0.009197 0.585664 907.109497 0.006043 0.619939 904.616272 0.003381 0.652103 908.517883 0.001344 0.720303 927.615723 0.000603 0.754526 927.189514 0.000613 0.784137 928.580017 0.000582 0.833047 939.335083 0.000607 0.857301 940.733582 0.000668 0.893669 941.697205 0.000688 0.918581 942.473572 0.000662 0.935987 940.107605 0.000506 0.976228 938.136047 0.000349 1.054253 918.180725 0.000635 1.060513 897.796997 0.000816 1.082941 898.056274 0.000723 1.134800 901.312805 0.000615 1.173296 906.431274 0.000725 1.196685 909.388489 0.000766 1.225825 915.874817 0.000711 1.254838 920.763428 0.000584 1.303345 925.484741 0.000533 1.348171 929.046753 0.000582 1.366263 936.786194 0.000639 1.393648 939.321289 0.000568
37 43 0.020984 1.408097
0.020984 4307.881836 0.000000 0.038071 4307.881836 0.001703 0.060016 4308.217773 0.001665 0.114795 4310.651367 0.001213 0.121769 4292.646973 0.001443 0.184291 4321.113281 0.001279 0.217100 4326.604492 0.001761 0.236475 4296.023438 0.005050 0.253779 4295.909180 0.004353 0.287906 4287.074219 0.002689 0.312517 4282.501465 0.002043 0.398131 4309.537109 0.001481 0.427786 4313.791016 0.002500 0.459929 4313.958984 0.003519 0.481531 4340.596680 0.003074 0.506962 4335.982422 0.003216 0.523099 4309.390625 0.003623 0.549554 4301.647949 0.002496 0.591435 4275.020020 0.000849 0.629478 4282.267578 0.000728 0.670692 4283.924805 0.000532 0.705152 4285.508789 0.000441 0.731014 4321.032715 0.000505 0.767897 4319.838379 0.000368 0.825767 4317.955078 0.000347 0.869556 4314.135742 0.000443 0.882086 4310.573242 0.000511 0.899653 4306.778320 0.000410 0.956345 4305.507812 0.000357 1.010073 4306.009277 0.000441 1.032380 4317.826172 0.000584 1.043038 4321.492676 0.000535 1.090812 4328.648438 0.000458 1.132107 4330.772461 0.000499 1.157322 4332.098145 0.000514 1.179149 4331.853516 0.000444 1.208565 4330.825195 0.000333 1.250275 4329.931152 0.000249 1.294568 4326.551758 0.000203 1.363785 4304.216309 0.000355 1.374875 4308.836914 0.000497 1.395890 4319.218262 0.000500 1.408097 4317.814941 0.000378
38 9 0.024018 0.248175
0.024018 1655.635010 0.000000 0.041105 1655.635010 0.001219 0.067789 1664.335815 0.001161 0.128591 1653.647583 0.001837 0.160928 1646.422485 0.003071 0.184572 1634.866211 0.004846 0.208165 1614.636108 0.005650 0.214001 1612.524902 0.005353 0.248175 1612.524902 0.000000
39 13 0.024867 0.382956
0.024867 1962.676514 0.000000 0.041954 1962.676514 0.001580 0.065759 1963.282715 0.001917 0.121712 1960.755249 0.002753 0.161452 1959.228027 0.005128 0.179775 1960.810791 0.007690 0.191950 1962.304321 0.008589 0.206690 1962.743774 0.006879 0.231364 1964.983276 0.004079 0.273009 1969.563477 0.002468 0.311569 1981.059692 0.001765 0.348782 1978.435547 0.001235 0.382956 1978.435547 0.000000
40 19 0.025728 0.588005
0.025728 938.237366 0.000000 0.042815 938.237366 0.000879 0.069654 940.608459 0.001107 0.124370 929.392517 0.000699 0.154561 945.552368 0.002298 0.193059 935.104248 0.005324 0.203388 931.631836 0.007605 0.214026 929.914673 0.007248 0.231527 928.244141 0.004985 0.267302 928.806335 0.002872 0.334101 931.343994 0.002122 0.379032 940.078613 0.002577 0.407756 948.809631 0.003305 0.458991 955.157837 0.004270 0.474267 958.963318 0.005390 0.519642 962.645386 0.005990 0.542573 937.796265 0.005948 0.553832 936.730286 0.005472 0.588005 936.730286 0.000000
41 18 0.026163 0.566667
0.026163 2557.284424 0.000000 0.043250 2557.284424 0.002353 0.072129 2555.992432 0.003215 0.100567 2554.765137 0.003935 0.128077 2551.995605 0.004191 0.161857 2549.175781 0.004571 0.190852 2552.406738 0.004182 0.238464 2573.259766 0.009907 0.248880 2575.266113 0.009618 0.271233 2582.629639 0.007063 0.306671 2581.380859 0.004626 0.351260 2582.214600 0.003165 0.417827 2565.953857 0.003505 0.440813 2583.645020 0.002727 0.486404 2599.597412 0.002776 0.502060 2616.333252 0.002356 0.532493 2593.436523 0.004457 0.566667 2593.436523 0.000000
42 8 0.028011 0.222265
0.028011 3426.316406 0.000000 0.045098 3426.316406 0.001407 0.062802 3422.953613 0.001863 0.120209 3439.682617 0.002035 0.148537 3441.107666 0.003284 0.169571 3460.094971 0.005652 0.188092 3465.116943 0.006063 0.222265 3465.116943 0.000000
43 10 0.029043 0.269721
0.029043 2041.911377 0.000000 0.046130 2041.911377 0.001698 0.081043 2045.578857 0.002862 0.115110 2047.221191 0.004861 0.143214 2047.690186 0.007639 0.161304 2046.659546 0.009728 0.182979 2042.645264 0.009524 0.204043 2037.879272 0.007859 0.235547 2054.428955 0.002096 0.269721 2054.428955 0.000000
44 8 0.029240 0.214203
0.029240 2413.131104 0.000000 0.046327 2413.131104 0.001724 0.084329 2409.248291 0.002335 0.117895 2410.202881 0.004423 0.144577 2431.390381 0.005053 0.151276 2438.699463 0.005288 0.180030 2442.286133 0.005096 0.214203 2442.286133 0.000000
45 12 0.029653 0.345715
0.029653 3121.994141 0.000000 0.046740 3121.994141 0.001756 0.067384 3126.068115 0.002479 0.104098 3113.385498 0.001871 0.151663 3125.830811 0.004311 0.169247 3127.917725 0.007098 0.187317 3126.574219 0.008193 0.215331 3107.047363 0.005625 0.240910 3103.507812 0.004880 0.256473 3106.195801 0.003067 0.311541 3129.797363 0.001820 0.345715 3129.797363 0.000000
46 12 0.030774 0.327325
0.030774 1295.951416 0.000000 0.047861 1295.951416 0.001086 0.074514 1280.601929 0.001007 0.091766 1298.342407 0.002424 0.150281 1279.753784 0.005467 0.167027 1266.542480 0.010241 0.179306 1265.995850 0.011022 0.196340 1267.061768 0.008650 0.232535 1269.772705 0.005756 0.262521 1272.073120 0.003860 0.293152 1270.923462 0.002347 0.327325 1270.923462 0.000000
47 42 0.031137 1.393600
0.031137 2697.881592 0.000000 0.048224 2697.881592 0.001148 0.073509 2681.410400 0.003746 0.082692 2661.516113 0.004481 0.100283 2666.835205 0.003935 0.158584 2669.780273 0.003367 0.196760 2680.945801 0.006531 0.220360 2676.915771 0.007621 0.240372 2674.562256 0.006935 0.260628 2674.352295 0.004986 0.312727 2657.823242 0.004541 0.367888 2656.710693 0.004586 0.398738 2651.501953 0.005522 0.407858 2648.766602 0.005189 0.436959 2645.052246 0.003791 0.491347 2643.144775 0.003195 0.530962 2642.566895 0.003277 0.545579 2642.019775 0.002954 0.583941 2656.024902 0.002538 0.606658 2657.052490 0.001906 0.638089 2657.628174 0.001234 0.679806 2661.113525 0.000787 0.726637 2661.287842 0.000642 0.767699 2663.693848 0.000635 0.800253 2663.278564 0.000643 0.843796 2662.786621 0.000699 0.874074 2663.184082 0.000788 0.897013 2671.368652 0.000738 0.912154 2678.150879 0.000582 0.943469 2677.437988 0.000370 1.003064 2678.114746 0.000269 1.034506 2694.678711 0.000380 1.062901 2688.613037 0.000353 1.082080 2687.517090 0.000263 1.126811 2687.798828 0.000180 1.202433 2687.774414 0.000205 1.242587 2686.568848 0.000351 1.263206 2683.642090 0.000557 1.281625 2685.327148 0.000661 1.316180 2687.953125 0.000684 1.352424 2690.711426 0.000744 1.393600 2691.645752 0.000882
48 31 0.031275 1.017067
0.031275 2739.435547 0.000000 0.048362 2739.435547 0.002589 0.094724 2738.800049 0.002962 0.133030 2738.355957 0.003815 0.167249 2731.501953 0.004810 0.180833 2731.321045 0.005347 0.203511 2732.204834 0.004543 0.221131 2733.782959 0.003050 0.262032 2721.265625 0.002917 0.355358 2734.713135 0.001877 0.367585 2722.367432 0.002888 0.387211 2714.914062 0.003374 0.408652 2717.804443 0.002757 0.462340 2720.700928 0.002427 0.496393 2731.467773 0.002647 0.526188 2743.218018 0.003260 0.542483 2739.108643 0.002894 0.568788 2738.044922 0.001979 0.606065 2714.816406 0.001383 0.646129 2714.357178 0.000948 0.684893 2714.634277 0.000715 0.716492 2713.444092 0.000536 0.780196 2707.239258 0.000522 0.817467 2699.515869 0.000748 0.840052 2700.154541 0.000918 0.871229 2701.394043 0.000978 0.901869 2704.563232 0.000968 0.924055 2705.853516 0.000867 0.955434 2705.023193 0.000677 0.982893 2703.182373 0.000487 1.017067 2703.182373 0.000000
49 17 0.040754 0.523129
0.040754 1792.564453 0.000000 0.057840 1792.564453 0.002542 0.095500 1778.916748 0.002562 0.133804 1772.264771 0.006251 0.143079 1794.303345 0.007977 0.154852 1793.982300 0.007616 0.197936 1767.974487 0.010769 0.225119 1768.569580 0.009276 0.247499 1772.207642 0.006630 0.291137 1775.705688 0.004608 0.342710 1802.481201 0.002147 0.381386 1806.443237 0.002609 0.395916 1761.484253 0.002002 0.429606 1763.455811 0.001498 0.470305 1781.599976 0.004878 0.488955 1778.619995 0.003908 0.523129 1778.619995 0.000000
50 36 0.041480 1.210262
0.041480 2135.531494 0.000000 0.058567 2135.531494 0.001856 0.091054 2137.861816 0.002922 0.116512 2133.486084 0.004461 0.145981 2153.388184 0.004421 0.172579 2148.065430 0.005656 0.200913 2146.030029 0.005940 0.224982 2126.396973 0.007710 0.242276 2125.663086 0.005661 0.307100 2108.260010 0.003992 0.364096 2139.370605 0.001130 0.376298 2153.094727 0.001598 0.427226 2133.611328 0.002278 0.446118 2121.650146 0.004000 0.460485 2125.621338 0.003738 0.482180 2130.454346 0.002570 0.512612 2125.727051 0.001357 0.569228 2126.084473 0.000950 0.602737 2120.184082 0.000898 0.622076 2114.254639 0.000709 0.653933 2108.733398 0.000482 0.710312 2107.478271 0.000369 0.772835 2126.799316 0.000420 0.784937 2121.759766 0.000501 0.810218 2117.732666 0.000503 0.846482 2115.210938 0.000469 0.863764 2109.789551 0.000378 0.901869 2126.141846 0.000246 0.950335 2125.141846 0.000210 1.004415 2126.168457 0.000235 1.023961 2127.758545 0.000279 1.037235 2127.586426 0.000246 1.068951 2128.920654 0.000170 1.118900 2110.747559 0.000160 1.176088 2097.034424 0.000154 1.210262 2097.034424 0.000000
51 8 0.042975 0.221095
0.042975 1863.151611 0.000000 0.060062 1863.151611 0.002214 0.094933 1861.240479 0.004045 0.122831 1857.608643 0.006999 0.144008 1855.518066 0.009599 0.161474 1855.226562 0.010450 0.186922 1857.441650 0.009178 0.221095 1857.441650 0.000000
52 34 0.053539 1.140175
0.053539 3399.916260 0.000000 0.070626 3399.916260 0.002617 0.097037 3404.579834 0.003646 0.137419 3420.026855 0.007062 0.154066 3419.766357 0.009259 0.172741 3420.369385 0.009316 0.191496 3420.932373 0.007234 0.217580 3417.585938 0.004338 0.274027 3415.903076 0.003000 0.320657 3429.757568 0.002773 0.354385 3424.592529 0.003414 0.372019 3425.405273 0.003129 0.435823 3443.851807 0.002602 0.453283 3439.783203 0.003026 0.477976 3437.796387 0.002744 0.518001 3430.144775 0.002441 0.536592 3427.745605 0.002080 0.573427 3427.738037 0.001499 0.626489 3428.333496 0.001289 0.656562 3429.248047 0.001269 0.674595 3432.016846 0.001064 0.695939 3433.443848 0.000707 0.750103 3432.531006 0.000461 0.812158 3430.516113 0.000483 0.828825 3430.083252 0.000545 0.868972 3442.110352 0.000574 0.889512 3440.274414 0.000539 0.953232 3423.802490 0.000559 0.968737 3424.971191 0.000676 0.980331 3424.900879 0.000591 1.032110 3443.161621 0.000504 1.079708 3441.565674 0.000545 1.106002 3436.401367 0.000624 1.140175 3436.401367 0.000000
53 4 0.053828 0.132543
0.053828 1794.713379 0.000000 0.070915 1794.713379 0.004101 0.098370 1794.926758 0.006237 0.132543 1794.926758 0.000000
54 5 0.059957 0.168911
0.059957 2596.532715 0.000000 0.077043 2596.532715 0.005932 0.128612 2577.701660 0.003921 0.134737 2594.757080 0.006254 0.168911 2594.757080 0.000000
55 6 0.062914 0.167127
0.062914 2648.491699 0.000000 0.080001 2648.491699 0.004688 0.108936 2643.777344 0.006602 0.127472 2644.963135 0.006997 0.132953 2630.997559 0.003725 0.167127 2630.997559 0.000000
56 7 0.062942 0.212135
0.062942 4754.206055 0.000000 0.080029 4754.206055 0.003020 0.118059 4755.000488 0.004292 0.141834 4756.381836 0.005696 0.159766 4756.311035 0.006045 0.177961 4754.840332 0.004858 0.212135 4754.840332 0.000000
57 9 0.063616 0.276376
0.063616 9910.821289 0.000000 0.080703 9910.821289 0.001305 0.123122 9910.674805 0.002068 0.155860 9910.230469 0.003433 0.178720 9910.116211 0.004929 0.194904 9910.213867 0.005479 0.211236 9909.518555 0.004545 0.242202 9907.731445 0.003026 0.276376 9907.731445 0.000000
58 22 0.063856 0.763891
0.063856 4464.851562 0.000000 0.080943 4464.851562 0.001752 0.128144 4465.719238 0.003024 0.148856 4466.792969 0.004754 0.158046 4469.549316 0.005339 0.175053 4477.208496 0.004303 0.196976 4478.568848 0.002738 0.243783 4481.240723 0.001751 0.320498 4476.235840 0.001207 0.363606 4471.734863 0.001924 0.382984 4466.748535 0.003205 0.395843 4466.081543 0.003437 0.432542 4444.568359 0.003730 0.451671 4447.830078 0.003271 0.476816 4448.323242 0.002221 0.519206 4446.655273 0.001418 0.573670 4469.322266 0.001156 0.590287 4469.545410 0.001014 0.607290 4467.895020 0.000672 0.650789 4489.125000 0.000274 0.729717 4488.741699 0.000249 0.763891 4488.741699 0.000000
59 4 0.063925 0.131982
0.063925 2759.147705 0.000000 0.081012 2759.147705 0.005035 0.097808 2757.426514 0.006100 0.131982 2757.426514 0.000000
60 5 0.063979 0.173616
0.063979 2383.036133 0.000000 0.081066 2383.036133 0.006671 0.095134 2378.656494 0.007280 0.139443 2374.201416 0.008390 0.173616 2374.201416 0.000000
61 4 0.064603 0.135759
0.064603 1379.540649 0.000000 0.081690 1379.540649 0.006471 0.101585 1387.596802 0.007798 0.135759 1387.596802 0.000000
62 6 0.064828 0.187431
0.064828 2074.154541 0.000000 0.081915 2074.154541 0.006744 0.099295 2073.130127 0.008658 0.123074 2073.284180 0.008931 0.153257 2073.605713 0.008078 0.187431 2073.605713 0.000000
63 4 0.065327 0.141730
0.065327 1011.038513 0.000000 0.082414 1011.038513 0.003600 0.107557 1010.548096 0.005133 0.141730 1010.548096 0.000000
64 8 0.066403 0.240815
0.066403 2282.045898 0.000000 0.083490 2282.045898 0.005043 0.098518 2279.778809 0.006832 0.125126 2284.388428 0.006759 0.149552 2266.297363 0.007055 0.176447 2267.568604 0.005533 0.206641 2257.255127 0.002428 0.240815 2257.255127 0.000000
65 34 0.066550 1.160735
0.066550 1671.235107 0.000000 0.083637 1671.235107 0.004212 0.088622 1674.872803 0.004895 0.124455 1682.300659 0.005183 0.141232 1682.634521 0.004550 0.170368 1679.549072 0.003194 0.197850 1661.906250 0.002982 0.247000 1679.832642 0.001195 0.284411 1697.457031 0.001579 0.354727 1694.651733 0.002049 0.369388 1675.314819 0.003146 0.394183 1654.847778 0.004040 0.431715 1657.570068 0.003888 0.462865 1660.958618 0.004025 0.478726 1662.649658 0.003344 0.516150 1675.322754 0.002774 0.540744 1675.912354 0.001895 0.574779 1676.459473 0.001142 0.613722 1681.803589 0.000695 0.660798 1702.036743 0.000506 0.700630 1703.520630 0.000433 0.732598 1707.857300 0.000397 0.757755 1710.654419 0.000344 0.784640 1710.147461 0.000243 0.820750 1709.195557 0.000163 0.903207 1712.356812 0.000157 0.941505 1712.685547 0.000269 0.959738 1711.618774 0.000388 0.973148 1703.983521 0.000433 0.988239 1704.472900 0.000345 1.017516 1703.573730 0.000216 1.063540 1699.866577 0.000127 1.126560 1685.468506 0.000143 1.160735 1685.468506 0.000000
66 10 0.066698 0.304347
0.066698 9350.917969 0.000000 0.083785 9350.917969 0.001091 0.122569 9343.333984 0.002103 0.148322 9340.993164 0.003494 0.170140 9340.738281 0.004782 0.186290 9340.968750 0.005040 0.201483 9342.433594 0.003952 0.238367 9360.605469 0.002459 0.270173 9342.454102 0.001424 0.304347 9342.454102 0.000000
67 8 0.066827 0.228142
0.066827 2408.343750 0.000000 0.083914 2408.343750 0.007794 0.097486 2409.283936 0.010241 0.122450 2395.887939 0.010480 0.146603 2394.286133 0.009576 0.174399 2391.204590 0.007623 0.193968 2414.710449 0.003931 0.228142 2414.710449 0.000000
68 5 0.066961 0.165821
0.066961 1482.685791 0.000000 0.084048 1482.685791 0.004863 0.113040 1468.676758 0.007714 0.131648 1496.812988 0.006260 0.165821 1496.812988 0.000000
69 7 0.067270 0.195007
0.067270 3341.645264 0.000000 0.084357 3341.645264 0.005750 0.112934 3347.089600 0.009540 0.125730 3349.422363 0.012031 0.137086 3349.722168 0.010561 0.160833 3366.479248 0.004755 0.195007 3366.479248 0.000000
70 10 0.067471 0.338723
0.067471 2708.868408 0.000000 0.084558 2708.868408 0.007833 0.101774 2708.177002 0.011260 0.119608 2707.330078 0.012318 0.139525 2707.186035 0.010500 0.161902 2707.736572 0.007134 0.190853 2690.248535 0.002406 0.249836 2691.088623 0.001563 0.304549 2709.224121 0.002926 0.338723 2709.224121 0.000000
71 5 0.068040 0.160438
0.068040 2192.908691 0.000000 0.085127 2192.908691 0.005622 0.107782 2178.048828 0.008923 0.126264 2198.046875 0.007756 0.160438 2198.046875 0.000000
72 13 0.068058 0.445196
0.068058 3964.544922 0.000000 0.085145 3964.544922 0.003587 0.102716 3960.232666 0.005518 0.112180 3956.457031 0.005739 0.148265 3971.644775 0.003940 0.173917 3952.786377 0.003268 0.215283 3955.591064 0.002384 0.239217 3976.191162 0.001753 0.282334 3956.970215 0.001960 0.355752 3974.206787 0.002824 0.388591 3974.193359 0.004804 0.411022 3974.571777 0.006996 0.445196 3974.571777 0.000000
73 33 0.068077 1.116056
0.068077 2987.728271 0.000000 0.085164 2987.728271 0.002871 0.113285 2977.215576 0.004798 0.133684 2973.039551 0.006300 0.147845 2990.302979 0.003287 0.189818 2992.282715 0.003298 0.213069 2998.791992 0.002822 0.253541 2981.335938 0.003893 0.299747 2997.909424 0.002079 0.324330 2982.666016 0.003742 0.352726 2980.619629 0.003351 0.389978 2977.499268 0.003031 0.441145 2994.321533 0.000896 0.454124 2986.440186 0.001560 0.487471 2988.850342 0.001474 0.528551 2987.035889 0.001316 0.569131 2985.447510 0.001407 0.600044 2986.576904 0.001462 0.623946 2987.529541 0.001368 0.642613 2987.194580 0.001026 0.681692 3007.588379 0.000613 0.746514 3005.822754 0.000571 0.791475 3004.681641 0.000782 0.810571 3006.460938 0.000970 0.822945 3010.181885 0.000907 0.859880 2985.879395 0.000364 0.899391 2965.182129 0.000411 0.932914 2966.343750 0.000361 0.970854 2963.299561 0.000318 1.008166 2962.004639 0.000309 1.045592 2962.783691 0.000306 1.081882 2963.040527 0.000323 1.116056 2963.040527 0.000000
74 6 0.068406 0.184139
0.068406 1126.594482 0.000000 0.085493 1126.594482 0.003947 0.098373 1131.027222 0.005142 0.126626 1133.196533 0.005970 0.149965 1133.794067 0.006008 0.184139 1133.794067 0.000000
75 4 0.070620 0.150734
0.070620 2812.736572 0.000000 0.087707 2812.736572 0.005246 0.116561 2792.983154 0.004266 0.150734 2792.983154 0.000000
76 10 0.072810 0.359064
0.072810 2825.861328 0.000000 0.089896 2825.861328 0.005653 0.095813 2818.225342 0.005258 0.124366 2830.479248 0.003862 0.181227 2837.018311 0.003602 0.217216 2813.912109 0.001283 0.283680 2802.625977 0.002105 0.310691 2806.028809 0.003817 0.324891 2804.553955 0.004990 0.359064 2804.553955 0.000000
77 34 0.073753 1.156983
0.073753 769.324768 0.000000 0.090840 769.324768 0.004545 0.106394 773.734741 0.004904 0.130036 775.846741 0.004229 0.154405 776.743591 0.002976 0.181688 778.468201 0.001773 0.220006 765.696777 0.000774 0.293431 777.971008 0.000788 0.348209 757.408020 0.001260 0.384082 783.273743 0.002438 0.390731 802.515198 0.004015 0.438057 796.387817 0.004615 0.459811 759.093323 0.007600 0.461646 786.683289 0.008077 0.494898 786.965454 0.006042 0.526707 804.327576 0.002096 0.562732 770.052856 0.000514 0.600347 780.574097 0.000987 0.638305 777.664612 0.000696 0.692404 777.429382 0.000582 0.742537 777.218079 0.000671 0.766989 776.708008 0.000807 0.785886 777.254944 0.000793 0.813767 776.734436 0.000648 0.878969 795.465027 0.000697 0.921338 796.552185 0.000994 0.942604 797.650757 0.001327 0.955381 796.566833 0.001337 0.980520 790.544434 0.000958 1.034603 782.746887 0.000861 1.069218 781.178894 0.000885 1.098970 782.754150 0.000859 1.122809 788.138184 0.000749 1.156983 788.138184 0.000000
78 4 0.073966 0.145444
0.073966 1767.762207 0.000000 0.091053 1767.762207 0.009777 0.111271 1767.753296 0.011134 0.145444 1767.753296 0.000000
79 5 0.074600 0.170512
0.074600 1742.378906 0.000000 0.091687 1742.378906 0.008856 0.108452 1738.589722 0.009877 0.136338 1731.497559 0.009334 0.170512 1731.497559 0.000000
80 4 0.074946 0.173189
0.074946 2827.361572 0.000000 0.092033 2827.361572 0.005310 0.139015 2834.371826 0.003782 0.173189 2834.371826 0.000000
81 41 0.075096 1.421277
0.075096 1351.341309 0.000000 0.092183 1351.341309 0.007887 0.111291 1340.126587 0.008937 0.120301 1335.471069 0.007695 0.157688 1359.743164 0.001571 0.221396 1338.400879 0.002991 0.273045 1343.304688 0.004203 0.284670 1347.814819 0.005525 0.298825 1350.162720 0.005026 0.326931 1319.957520 0.004338 0.372377 1316.569092 0.003370 0.442883 1333.545532 0.003296 0.465203 1333.354736 0.004613 0.479495 1326.808838 0.004930 0.492271 1325.284180 0.003848 0.532018 1346.415283 0.002248 0.561941 1347.197876 0.001469 0.595051 1337.945435 0.000850 0.646423 1335.262573 0.000601 0.679095 1334.978027 0.000493 0.717698 1346.585205 0.000500 0.727890 1346.182495 0.000377 0.810693 1360.867798 0.000049 0.822973 1370.579834 0.000160 0.865031 1370.555542 0.000162 0.919120 1374.031616 0.000198 0.933898 1376.378662 0.000252 0.960836 1353.616577 0.000228 0.975369 1360.549438 0.000193 1.002672 1361.068359 0.000126 1.079990 1361.336548 0.000107 1.126251 1358.090820 0.000139 1.156704 1379.870850 0.000228 1.182579 1377.496216 0.000295 1.222738 1373.983276 0.000396 1.251671 1370.123657 0.000562 1.271921 1366.715698 0.000651 1.293494 1364.986328 0.000613 1.323696 1365.556030 0.000485 1.377056 1368.842529 0.000411 1.421277 1370.990479 0.000500
82 14 0.075456 0.498753
0.075456 1068.272217 0.000000 0.092543 1068.272217 0.005260 0.101819 1068.123535 0.005789 0.121584 1066.893311 0.004602 0.155865 1065.058594 0.003073 0.181359 1067.112793 0.001852 0.267591 1069.709595 0.002002 0.306122 1059.470337 0.002672 0.330969 1071.578613 0.005101 0.340306 1071.031372 0.005531 0.379524 1067.969238 0.005155 0.431041 1067.595581 0.005868 0.464580 1070.592896 0.007375 0.498753 1070.592896 0.000000
83 31 0.075554 1.040041
0.075554 1239.825928 0.000000 0.092641 1239.825928 0.007389 0.112785 1236.551636 0.008967 0.128402 1234.894043 0.008347 0.143297 1236.107544 0.005566 0.182235 1252.105103 0.002225 0.258663 1253.739868 0.002089 0.268625 1270.955078 0.001605 0.313577 1249.405396 0.003387 0.337499 1250.375610 0.003169 0.352984 1219.943237 0.003796 0.436710 1248.430786 0.003749 0.458745 1247.366821 0.004747 0.470245 1247.815918 0.004564 0.484324 1251.380249 0.003041 0.523760 1226.026123 0.001899 0.566857 1224.343384 0.001184 0.594754 1218.937012 0.000779 0.664800 1203.063965 0.000739 0.682160 1207.142944 0.000820 0.703127 1207.030884 0.000659 0.754359 1226.279785 0.000508 0.791115 1227.817017 0.000488 0.815006 1230.813110 0.000455 0.850905 1241.331177 0.000344 0.885208 1246.520142 0.000300 0.942272 1268.359253 0.000388 0.956227 1268.777466 0.000413 0.973704 1268.298584 0.000325 1.005867 1268.126831 0.000213 1.040041 1268.126831 0.000000
84 8 0.076138 0.256594
0.076138 4066.596680 0.000000 0.093225 4066.596680 0.005114 0.109283 4063.709717 0.006051 0.145424 4080.951904 0.003549 0.169837 4086.513184 0.003887 0.183123 4085.779297 0.003033 0.222421 4101.829102 0.001324 0.256594 4101.829102 0.000000
85 4 0.077981 0.137555
0.077981 3239.640869 0.000000 0.095068 3239.640869 0.005474 0.103382 3220.552490 0.005424 0.137555 3220.552490 0.000000
86 4 0.078280 0.164816
0.078280 2308.867676 0.000000 0.095367 2308.867676 0.004403 0.130642 2307.970215 0.007252 0.164816 2307.970215 0.000000
87 16 0.078853 0.512856
0.078853 1110.486572 0.000000 0.095940 1110.486572 0.008428 0.116183 1108.455078 0.012140 0.132650 1107.796021 0.013277 0.150732 1108.432617 0.010880 0.177655 1105.276245 0.006512 0.205029 1122.534058 0.001801 0.298147 1140.732910 0.001292 0.304253 1106.689575 0.005645 0.327568 1108.958862 0.004848 0.369863 1110.261475 0.004062 0.421244 1084.345093 0.006411 0.455575 1082.306885 0.007918 0.467126 1077.904053 0.008206 0.478683 1088.799805 0.005042 0.512856 1088.799805 0.000000
88 7 0.079438 0.241657
0.079438 651.948059 0.000000 0.096525 651.948059 0.005196 0.116917 632.637756 0.002088 0.149883 630.727661 0.001511 0.178085 657.004700 0.002581 0.207483 661.292725 0.001625 0.241657 661.292725 0.000000
89 11 0.079649 0.343878
0.079649 1036.632080 0.000000 0.096736 1036.632080 0.008097 0.107513 1038.861694 0.010943 0.119975 1040.043579 0.010221 0.139513 1041.954224 0.007009 0.176159 1027.532593 0.002256 0.266884 1027.541626 0.002206 0.272742 1034.824341 0.003111 0.284943 1033.154785 0.002696 0.309704 1015.662048 0.002270 0.343878 1015.662048 0.000000
90 17 0.080075 0.579461
0.080075 606.874207 0.000000 0.097162 606.874207 0.001931 0.120242 608.983826 0.001719 0.151536 608.536865 0.001298 0.208068 604.822510 0.001137 0.247451 625.290039 0.001373 0.285131 626.112000 0.001743 0.328066 625.978210 0.002442 0.372364 623.443604 0.004012 0.399418 619.048035 0.006636 0.422862 615.383667 0.009445 0.445669 613.285645 0.011301 0.462381 612.384644 0.010461 0.480138 617.052185 0.006696 0.510997 625.464172 0.003974 0.545287 637.470032 0.001154 0.579461 637.470032 0.000000
91 5 0.080409 0.175095
0.080409 2416.013184 0.000000 0.097496 2416.013184 0.010821 0.119154 2417.470459 0.009531 0.140921 2417.662109 0.006663 0.175095 2417.662109 0.000000
92 18 0.080592 0.583631
0.080592 1208.636230 0.000000 0.097679 1208.636230 0.004084 0.125464 1198.399902 0.007931 0.130747 1197.326660 0.009513 0.137622 1194.875977 0.007351 0.169925 1194.649902 0.004280 0.255747 1182.499023 0.002895 0.283960 1168.910156 0.005733 0.295105 1164.132935 0.005905 0.323876 1158.680176 0.004723 0.366229 1156.376465 0.003864 0.418834 1155.169556 0.004076 0.447652 1154.978394 0.004795 0.472026 1159.325928 0.004672 0.494471 1163.380737 0.004170 0.519380 1163.807617 0.002991 0.549459 1164.032593 0.001854 0.583631 1164.032593 0.000000
93 7 0.080615 0.204925
0.080615 1161.111328 0.000000 0.097701 1161.111328 0.009468 0.113698 1161.883667 0.013916 0.127097 1162.148560 0.014815 0.134801 1161.780884 0.010830 0.170751 1168.516846 0.006132 0.204925 1168.516846 0.000000
94 6 0.081123 0.215515
0.081123 1661.212036 0.000000 0.098210 1661.212036 0.005828 0.126725 1660.314209 0.005520 0.147792 1661.024780 0.004442 0.181341 1666.925659 0.003285 0.215515 1666.925659 0.000000
95 5 0.081209 0.173811
0.081209 3639.922119 0.000000 0.098296 3639.922119 0.005225 0.113515 3639.370605 0.004506 0.139638 3638.120850 0.003032 0.173811 3638.120850 0.000000
96 4 0.081429 0.145483
0.081429 1390.882324 0.000000 0.098516 1390.882324 0.008340 0.111309 1374.077881 0.002819 0.145483 1374.077881 0.000000
97 5 0.081829 0.185855
0.081829 2178.550781 0.000000 0.098916 2178.550781 0.010765 0.122552 2178.601562 0.010166 0.151681 2179.514648 0.008220 0.185855 2179.514648 0.000000
98 17 0.082132 0.578402
0.082132 865.379272 0.000000 0.099218 865.379272 0.005504 0.121009 865.862610 0.005168 0.137555 867.163391 0.003791 0.179464 872.971069 0.002408 0.247057 858.566589 0.001859 0.287664 854.956177 0.002641 0.303436 878.810486 0.002929 0.363277 877.348328 0.004091 0.380137 849.463745 0.004390 0.429595 834.424255 0.006024 0.442047 834.494995 0.007619 0.459186 836.423889 0.006917 0.490281 840.822815 0.005494 0.516215 842.297363 0.003995 0.544228 841.851807 0.002420 0.578402 841.851807 0.000000
99 12 0.082176 0.423197
0.082176 1637.646729 0.000000 0.099263 1637.646729 0.005831 0.125125 1639.086426 0.005722 0.153235 1639.061768 0.004897 0.191606 1635.067505 0.003940 0.234841 1651.903076 0.001559 0.271448 1629.409912 0.003131 0.306617 1658.649170 0.003854 0.336455 1655.223999 0.004111 0.372243 1624.771973 0.004512 0.389023 1627.177612 0.003957 0.423197 1627.177612 0.000000
100 4 0.083252 0.156288
0.083252 2483.887939 0.000000 0.100339 2483.887939 0.009071 0.122114 2481.431885 0.008849 0.156288 2481.431885 0.000000
101 5 0.083844 0.178164
0.083844 3241.610840 0.000000 0.100931 3241.610840 0.007168 0.121832 3241.935303 0.007234 0.143990 3240.393555 0.005791 0.178164 3240.393555 0.000000
102 4 0.084129 0.161358
0.084129 1412.658569 0.000000 0.101216 1412.658569 0.008882 0.127185 1393.243896 0.008165 0.161358 1393.243896 0.000000
103 4 0.089901 0.156933
0.089901 2351.795654 0.000000 0.106988 2351.795654 0.005162 0.122759 2372.013184 0.009969 0.156933 2372.013184 0.000000
104 6 0.091536 0.200295
0.091536 10013.778320 0.000000 0.108623 10013.778320 0.003053 0.132312 10013.375977 0.004520 0.148441 10014.114258 0.005199 0.166121 10017.723633 0.004563 0.200295 10017.723633 0.000000
105 4 0.092135 0.153021
0.092135 2573.554932 0.000000 0.109222 2573.554932 0.007155 0.118847 2592.412842 0.006604 0.153021 2592.412842 0.000000
106 41 0.092439 1.429774
0.092439 4060.797119 0.000000 0.109526 4060.797119 0.006028 0.131242 4058.811523 0.005149 0.156381 4061.773682 0.003383 0.208593 4047.173828 0.002733 0.245494 4079.163818 0.001071 0.291776 4043.179688 0.003033 0.334107 4043.944092 0.003809 0.362567 4043.236816 0.004748 0.379684 4025.804688 0.005744 0.386778 4024.423340 0.004175 0.425600 4004.623535 0.001793 0.458987 3985.542725 0.001141 0.510643 4007.925781 0.000944 0.554000 3982.415771 0.000757 0.565381 3980.933838 0.000603 0.597552 4009.005615 0.000325 0.672561 4003.197266 0.000233 0.719851 3999.324463 0.000322 0.740755 3995.925781 0.000452 0.764217 4031.650635 0.000492 0.784544 4029.960205 0.000455 0.838407 4028.618164 0.000451 0.881009 4027.713867 0.000553 0.894512 4026.248535 0.000601 0.922621 4054.989990 0.000588 0.939878 4055.794678 0.000435 0.983658 4053.490723 0.000271 1.040705 4049.465820 0.000238 1.068585 4045.852539 0.000250 1.097338 4044.927979 0.000235 1.125183 4046.277100 0.000197 1.192992 4051.905273 0.000228 1.232216 4054.086914 0.000357 1.262384 4056.689209 0.000524 1.291459 4060.400391 0.000722 1.315246 4063.582764 0.000861 1.328684 4066.453369 0.000809 1.343678 4070.157959 0.000531 1.395600 4074.002197 0.000321 1.429774 4074.002197 0.000000
107 6 0.092500 0.184212
0.092500 7147.051270 0.000000 0.109587 7147.051270 0.003277 0.128173 7146.031250 0.004798 0.142269 7144.571777 0.005211 0.150038 7142.575195 0.003933 0.184212 7142.575195 0.000000
108 8 0.092581 0.291767
0.092581 1515.085327 0.000000 0.109668 1515.085327 0.006918 0.124685 1514.084106 0.009801 0.132719 1516.169434 0.009397 0.150501 1506.869995 0.006381 0.191620 1492.861450 0.001619 0.257593 1492.428711 0.001331 0.291767 1492.428711 0.000000
109 7 0.092611 0.269584
0.092611 3183.917969 0.000000 0.109698 3183.917969 0.006682 0.128418 3181.537109 0.005661 0.153152 3177.577148 0.003846 0.206356 3173.760254 0.002929 0.235411 3188.710938 0.000934 0.269584 3188.710938 0.000000
110 5 0.094294 0.187145
0.094294 2970.032715 0.000000 0.111381 2970.032715 0.007241 0.129761 2968.936768 0.006620 0.152971 2965.627686 0.004589 0.187145 2965.627686 0.000000
111 13 0.100420 0.478676
0.100420 2369.465576 0.000000 0.117507 2369.465576 0.009204 0.134939 2381.461182 0.005918 0.167510 2383.046631 0.003282 0.236019 2382.858643 0.002210 0.284241 2379.708008 0.002473 0.323707 2377.632324 0.003441 0.345972 2374.333008 0.004437 0.363791 2374.161621 0.004420 0.389577 2374.169434 0.003542 0.412775 2372.592529 0.002378 0.444500 2357.335205 0.002037 0.478676 2357.335205 0.000000
112 41 0.101803 1.433628
0.101803 8925.099609 0.000000 0.118890 8925.099609 0.004874 0.132122 8926.788086 0.005848 0.143342 8939.319336 0.004706 0.177705 8922.392578 0.003505 0.223317 8939.129883 0.001909 0.272538 8937.537109 0.001860 0.307759 8938.906250 0.002082 0.328463 8939.578125 0.002046 0.386574 8920.153320 0.002006 0.400493 8918.537109 0.002228 0.433724 8917.037109 0.002033 0.470637 8915.695312 0.001904 0.500168 8914.790039 0.001744 0.528428 8909.197266 0.001420 0.541374 8930.889648 0.000756 0.585970 8949.210938 0.000141 0.613004 8941.137695 0.000169 0.696421 8955.555664 0.000183 0.736527 8971.403320 0.000283 0.750080 8972.234375 0.000359 0.765479 8972.131836 0.000329 0.791507 8968.860352 0.000227 0.849673 8948.472656 0.000227 0.898243 8952.343750 0.000288 0.916785 8952.544922 0.000329 0.938028 8951.655273 0.000294 0.962619 8952.544922 0.000218 1.021021 8958.362305 0.000157 1.062338 8961.287109 0.000178 1.092680 8961.312500 0.000199 1.119241 8954.145508 0.000183 1.144003 8952.956055 0.000165 1.208909 8952.880859 0.000180 1.256016 8954.059570 0.000268 1.284505 8940.843750 0.000681 1.291593 8942.394531 0.000828 1.301883 8941.844727 0.000676 1.345700 8960.100586 0.000531 1.377153 8959.000977 0.000391 1.433628 8951.177734 0.000347
113 6 0.103880 0.281809
0.103880 2651.821777 0.000000 0.120967 2651.821777 0.006424 0.145292 2657.527344 0.005582 0.193372 2641.705322 0.003667 0.247635 2643.168213 0.003957 0.281809 2643.168213 0.000000
114 4 0.104805 0.161160
0.104805 9138.173828 0.000000 0.121892 9138.173828 0.004794 0.126986 9136.892578 0.006152 0.161160 9136.892578 0.000000
115 4 0.107210 0.194556
0.107210 2577.718262 0.000000 0.124296 2577.718262 0.006883 0.160382 2565.063477 0.003172 0.194556 2565.063477 0.000000
116 6 0.107425 0.291593
0.107425 1924.407715 0.000000 0.124511 1924.407715 0.005530 0.171759 1926.407837 0.003646 0.223469 1925.253052 0.003034 0.257420 1919.331665 0.003338 0.291593 1919.331665 0.000000
117 5 0.108759 0.264407
0.108759 1110.116333 0.000000 0.125846 1110.116333 0.007149 0.182148 1107.388062 0.005339 0.230234 1106.266724 0.005479 0.264407 1106.266724 0.000000
118 4 0.109181 0.166623
0.109181 9471.716797 0.000000 0.126268 9471.716797 0.005323 0.132449 9473.061523 0.004952 0.166623 9473.061523 0.000000
119 6 0.110204 0.282713
0.110204 2215.141602 0.000000 0.127291 2215.141602 0.005758 0.152294 2218.800781 0.003346 0.216040 2222.432129 0.002032 0.248540 2223.968506 0.001877 0.282713 2223.968506 0.000000
120 9 0.111448 0.361466
0.111448 2180.878174 0.000000 0.128535 2180.878174 0.006127 0.165681 2180.962646 0.004400 0.209144 2183.691895 0.003148 0.257386 2171.166504 0.002501 0.269864 2187.440430 0.002711 0.317382 2169.446777 0.003293 0.327292 2170.346680 0.002659 0.361466 2170.346680 0.000000
121 7 0.113532 0.294215
0.113532 1209.033081 0.000000 0.130619 1209.033081 0.004886 0.195609 1222.600098 0.003359 0.231168 1209.796265 0.007362 0.242363 1211.167847 0.008190 0.260041 1213.516357 0.006602 0.294215 1213.516357 0.000000
122 4 0.113931 0.203640
0.113931 1522.255371 0.000000 0.131018 1522.255371 0.007547 0.169466 1507.223633 0.004302 0.203640 1507.223633 0.000000
123 6 0.124002 0.258057
0.124002 1325.763306 0.000000 0.141089 1325.763306 0.001838 0.185997 1321.360352 0.003637 0.207946 1322.430664 0.005036 0.223883 1321.878052 0.005373 0.258057 1321.878052 0.000000
124 11 0.126172 0.435011
0.126172 2415.045654 0.000000 0.143259 2415.045654 0.002466 0.201804 2416.469238 0.002322 0.243468 2411.666748 0.002909 0.264711 2429.317139 0.003688 0.311905 2424.985107 0.004224 0.330859 2422.368652 0.005347 0.358701 2424.627686 0.005214 0.384518 2427.031494 0.004573 0.400838 2429.511963 0.003324 0.435011 2429.511963 0.000000
125 13 0.127716 0.504986
0.127716 684.612610 0.000000 0.144803 684.612610 0.001634 0.212329 686.259888 0.001805 0.230229 681.075928 0.001839 0.289211 679.597656 0.002741 0.306734 694.135742 0.005823 0.327694 706.716431 0.004250 0.361718 724.024841 0.006707 0.374545 722.082153 0.005930 0.396154 720.966919 0.003877 0.433617 719.881958 0.002200 0.470811 718.905334 0.001337 0.504986 718.905334 0.000000
126 28 0.151401 1.040164
0.151401 601.853882 0.000000 0.168488 601.853882 0.001964 0.187616 598.983521 0.002355 0.236872 594.698914 0.003184 0.279042 585.853455 0.002959 0.317449 584.320496 0.004539 0.328830 585.400635 0.006685 0.343632 584.628235 0.006808 0.358811 581.292786 0.004820 0.403157 574.168762 0.003225 0.440777 571.366882 0.002632 0.482464 571.398865 0.002145 0.522465 572.374268 0.001991 0.559869 552.848511 0.000372 0.607539 540.148743 0.000418 0.656206 548.151062 0.000658 0.673251 540.758667 0.001031 0.695438 537.105652 0.001175 0.720384 536.583496 0.001123 0.751301 539.165710 0.000902 0.798277 552.213318 0.001118 0.821832 550.763794 0.001078 0.857809 550.539490 0.000932 0.890680 549.636292 0.000807 0.954858 539.581299 0.000688 0.978330 537.989014 0.000936 1.005989 539.692505 0.001053 1.040164 539.692505 0.000000
127 41 0.162952 1.478608
0.162952 303.084137 0.000000 0.180039 303.084137 0.001065 0.226462 296.867401 0.001433 0.262891 278.546936 0.004120 0.269269 286.390594 0.005052 0.289252 290.495575 0.004912 0.308769 293.341797 0.003783 0.350960 296.679382 0.002731 0.391120 327.400360 0.001920 0.407280 347.336884 0.001325 0.453075 334.170990 0.001159 0.481640 334.391449 0.000846 0.530044 333.449036 0.000631 0.573988 332.064026 0.000609 0.610299 332.264954 0.000649 0.641921 333.519409 0.000682 0.665609 336.794403 0.000635 0.698454 342.057800 0.000546 0.766205 343.148041 0.000680 0.810748 343.920593 0.001187 0.830321 345.661987 0.001871 0.847132 346.608643 0.002250 0.870422 346.828796 0.002138 0.903625 347.256409 0.001825 0.939194 348.866302 0.001536 0.976849 352.711090 0.001371 1.013350 359.382538 0.001274 1.032942 361.600464 0.001121 1.088321 359.256348 0.000972 1.148058 356.090698 0.001428 1.157758 358.304352 0.001811 1.191317 371.920349 0.002393 1.210650 371.694397 0.002309 1.253268 370.786194 0.002078 1.298684 369.867401 0.002217 1.315712 368.893097 0.002221 1.328229 365.145721 0.001640 1.375454 357.830841 0.000880 1.451999 369.409637 0.000683 1.469156 374.644531 0.001063 1.478608 355.616699 0.001236
128 6 0.170937 0.313856
0.170937 2565.697998 0.000000 0.188024 2565.697998 0.004329 0.222962 2568.734619 0.004720 0.249321 2569.949463 0.005025 0.279683 2568.429688 0.004771 0.313856 2568.429688 0.000000
129 7 0.171858 0.340025
0.171858 1136.703247 0.000000 0.188945 1136.703247 0.002307 0.223096 1129.144287 0.002616 0.263994 1126.646118 0.003195 0.294503 1111.313232 0.005665 0.305851 1109.931519 0.005600 0.340025 1109.931519 0.000000
130 8 0.173209 0.351489
0.173209 2497.399414 0.000000 0.190296 2497.399414 0.004958 0.222875 2495.957764 0.006139 0.248719 2495.224854 0.006915 0.274527 2495.191650 0.006721 0.297409 2495.292236 0.005498 0.317315 2477.953857 0.002425 0.351489 2477.953857 0.000000
131 8 0.173223 0.358760
0.173223 1469.019775 0.000000 0.190310 1469.019775 0.001966 0.233676 1508.208252 0.000802 0.242474 1488.718262 0.002149 0.292599 1485.906860 0.005124 0.311035 1454.683105 0.001974 0.324586 1449.461914 0.001927 0.358760 1449.461914 0.000000
132 14 0.175671 0.558591
0.175671 3386.444092 0.000000 0.192758 3386.444092 0.005107 0.210789 3387.164307 0.006043 0.234899 3377.047607 0.004942 0.257497 3372.364746 0.004136 0.280298 3369.119629 0.002752 0.314899 3380.322510 0.001131 0.353092 3389.239258 0.000516 0.423078 3401.844971 0.001241 0.443862 3401.790039 0.001303 0.461846 3406.515381 0.001067 0.491105 3385.872314 0.000833 0.524417 3386.091553 0.000536 0.558591 3386.091553 0.000000
133 4 0.176929 0.255003
0.176929 3272.236816 0.000000 0.194016 3272.236816 0.003781 0.220829 3274.027344 0.005234 0.255003 3274.027344 0.000000
134 6 0.177850 0.274543
0.177850 3926.900391 0.000000 0.194937 3926.900391 0.004188 0.211014 3925.620850 0.005450 0.224266 3924.853027 0.005197 0.240369 3926.473145 0.003575 0.274543 3926.473145 0.000000
135 10 0.178119 0.429073
0.178119 8126.925781 0.000000 0.195206 8126.925781 0.004100 0.208148 8125.440430 0.005181 0.225394 8121.158691 0.004932 0.239503 8120.948730 0.003513 0.278519 8137.126953 0.000435 0.343853 8128.005371 0.001376 0.377275 8130.524414 0.001447 0.394900 8139.484375 0.001353 0.429073 8139.484375 0.000000
136 5 0.180234 0.278606
0.180234 419.906006 0.000000 0.197321 419.906006 0.003002 0.213321 421.871704 0.004293 0.244432 427.479279 0.005109 0.278606 427.479279 0.000000
137 7 0.184915 0.328890
0.184915 1385.664795 0.000000 0.202002 1385.664795 0.004462 0.237348 1386.684937 0.005433 0.263511 1388.621704 0.006300 0.278968 1388.858765 0.005765 0.294717 1387.303833 0.003862 0.328890 1387.303833 0.000000
138 4 0.185983 0.253227
0.185983 1807.736084 0.000000 0.203070 1807.736084 0.004707 0.219053 1805.697510 0.005045 0.253227 1805.697510 0.000000
139 7 0.189694 0.380621
0.189694 3393.473877 0.000000 0.206781 3393.473877 0.005510 0.230846 3396.552002 0.004289 0.255408 3399.247803 0.002751 0.293788 3402.828125 0.001707 0.346448 3402.822754 0.001225 0.380621 3402.822754 0.000000
140 8 0.190755 0.365552
0.190755 674.706604 0.000000 0.207842 674.706604 0.006384 0.233176 679.309875 0.009015 0.245551 680.824646 0.010133 0.262840 679.829712 0.008175 0.288720 697.721313 0.001796 0.331378 701.055786 0.001276 0.365552 701.055786 0.000000
141 6 0.191843 0.285234
0.191843 649.942200 0.000000 0.208930 649.942200 0.006680 0.223968 650.268250 0.009177 0.235189 651.095764 0.008945 0.251060 655.092041 0.005978 0.285234 655.092041 0.000000
142 4 0.192464 0.259969
0.192464 769.955872 0.000000 0.209551 769.955872 0.005245 0.225795 782.285645 0.006425 0.259969 782.285645 0.000000
143 7 0.192691 0.321218
0.192691 876.111633 0.000000 0.209778 876.111633 0.007050 0.226360 874.661133 0.010097 0.236882 872.122253 0.010274 0.259299 865.073547 0.007981 0.287045 881.383118 0.003522 0.321218 881.383118 0.000000
144 5 0.192700 0.259599
0.192700 264.357025 0.000000 0.209787 264.357025 0.004871 0.221706 266.278046 0.006756 0.225425 245.141129 0.003525 0.259599 245.141129 0.000000
145 5 0.193100 0.283676
0.193100 3276.299072 0.000000 0.210187 3276.299072 0.005939 0.226546 3276.559570 0.005061 0.249502 3275.774414 0.003304 0.283676 3275.774414 0.000000
146 39 0.194742 1.463698
0.194742 2276.367676 0.000000 0.211829 2276.367676 0.006382 0.227744 2276.973877 0.005814 0.255188 2277.125732 0.004210 0.292218 2276.133057 0.002833 0.354115 2272.598145 0.001231 0.369715 2295.876709 0.000477 0.389082 2270.669434 0.000774 0.432278 2270.145752 0.000522 0.469447 2269.665527 0.000395 0.521386 2288.760010 0.000375 0.563251 2283.815674 0.000470 0.594638 2282.234619 0.000570 0.615529 2279.772461 0.000611 0.631088 2277.024658 0.000494 0.678237 2274.843506 0.000379 0.729118 2271.823975 0.000386 0.739227 2270.681641 0.000365 0.766988 2299.317139 0.000299 0.819986 2295.713379 0.000241 0.859153 2287.141113 0.000254 0.891405 2280.639893 0.000247 0.929117 2275.720459 0.000258 0.964801 2271.047607 0.000275 1.001749 2268.153076 0.000319 1.035886 2266.423096 0.000355 1.074243 2255.414551 0.000363 1.111497 2252.175781 0.000439 1.141952 2247.345947 0.000532 1.166236 2242.561035 0.000598 1.192678 2241.715576 0.000566 1.222306 2241.687744 0.000477 1.259744 2220.909668 0.000574 1.275708 2220.423828 0.000423 1.319783 2217.594727 0.000281 1.392567 2218.262207 0.000289 1.423940 2233.469971 0.000416 1.429524 2232.608154 0.000446 1.463698 2232.608154 0.000000
147 6 0.195086 0.313529
0.195086 2403.415283 0.000000 0.212173 2403.415283 0.006987 0.232202 2401.564697 0.006603 0.251311 2401.414307 0.004903 0.279356 2406.415527 0.002825 0.313529 2406.415527 0.000000
148 4 0.198680 0.261800
0.198680 757.210022 0.000000 0.215767 757.210022 0.009881 0.227627 757.701721 0.010283 0.261800 757.701721 0.000000
149 5 0.200553 0.337420
0.200553 339.549194 0.000000 0.217640 339.549194 0.005399 0.243253 340.469940 0.003818 0.303246 348.654266 0.002568 0.337420 348.654266 0.000000
150 17 0.201827 0.725958
0.201827 3181.099121 0.000000 0.218914 3181.099121 0.006213 0.233534 3177.660156 0.004398 0.268528 3185.401855 0.001788 0.312546 3170.644775 0.001370 0.377507 3172.108154 0.001163 0.403000 3175.938477 0.001285 0.419490 3179.191895 0.001137 0.453542 3182.916992 0.000879 0.503891 3184.121826 0.000756 0.543468 3184.875732 0.000787 0.570301 3183.437744 0.000804 0.595050 3184.316895 0.000714 0.630583 3188.614746 0.000600 0.656956 3193.049316 0.000513 0.691786 3194.874512 0.000367 0.725958 3194.874512 0.000000
151 40 0.202040 1.499847
0.202040 266.939423 0.000000 0.219127 266.939423 0.006689 0.243430 267.942352 0.005065 0.281122 270.622375 0.003530 0.316828 273.727509 0.002781 0.341646 273.611176 0.001944 0.371816 272.060242 0.001192 0.402448 272.839020 0.000686 0.480744 277.390808 0.000553 0.513009 278.483246 0.000668 0.544171 276.486420 0.000736 0.565869 274.441528 0.000728 0.587015 272.081390 0.000579 0.629949 270.156830 0.000451 0.704568 267.678284 0.000482 0.741287 282.013519 0.000652 0.758699 298.062469 0.001062 0.783015 297.346191 0.001282 0.813494 295.457581 0.001397 0.840272 294.860291 0.001399 0.876132 297.498413 0.001240 0.914589 301.570007 0.001188 0.933879 301.791840 0.001059 0.987321 298.786774 0.000978 1.024062 297.531982 0.001089 1.046054 296.418182 0.001105 1.075919 293.311707 0.000952 1.114229 291.263977 0.000842 1.151183 287.991333 0.000753 1.200834 282.780029 0.001001 1.224850 283.922699 0.001161 1.262968 288.907410 0.001258 1.278395 291.363159 0.001264 1.302815 288.726288 0.000935 1.355786 285.840210 0.000763 1.394008 284.803680 0.000749 1.419871 283.738098 0.000712 1.441057 282.222626 0.000561 1.470780 278.327423 0.000364 1.499847 273.128204 0.000241
152 9 0.207349 0.477358
0.207349 431.034882 0.000000 0.224436 431.034882 0.005991 0.240596 431.809174 0.005489 0.259394 437.497009 0.003286 0.303486 418.358398 0.002385 0.326160 401.503601 0.000622 0.375515 417.528564 0.001112 0.443185 428.199921 0.000905 0.477358 428.199921 0.000000
153 5 0.210797 0.289538
0.210797 1014.525879 0.000000 0.227884 1014.525879 0.008471 0.235716 1019.364258 0.008185 0.255364 1023.175598 0.005921 0.289538 1023.175598 0.000000
154 4 0.214968 0.277879
0.214968 787.612854 0.000000 0.232055 787.612854 0.008121 0.243705 776.829590 0.003758 0.277879 776.829590 0.000000
155 4 0.216649 0.291478
0.216649 519.057007 0.000000 0.233736 519.057007 0.005309 0.257304 518.119324 0.004453 0.291478 518.119324 0.000000
156 5 0.219446 0.344417
0.219446 863.757751 0.000000 0.236533 863.757751 0.005086 0.277295 864.721008 0.002899 0.310243 868.820679 0.001904 0.344417 868.820679 0.000000
157 4 0.224721 0.296545
0.224721 1004.364014 0.000000 0.241808 1004.364014 0.006174 0.262372 1023.638611 0.003475 0.296545 1023.638611 0.000000
