par-text-frame-format
point-type index frequency amplitude
partials-count 1
frame-count 81
frame-data
0.010000 1 0 1770.019409 0.000000
0.020000 1 0 1806.640503 0.001256
0.030000 1 0 1831.054565 0.001373
0.040000 1 0 1867.675415 0.001538
0.050000 1 0 1892.089600 0.001661
0.060000 1 0 1928.710571 0.001793
0.070000 1 0 1953.124634 0.001911
0.080000 1 0 1989.745728 0.002078
0.090000 1 0 2014.159790 0.002180
0.100000 1 0 2038.573730 0.002288
0.110000 1 0 2062.987793 0.002421
0.120000 1 0 2087.401855 0.002560
0.130000 1 0 2111.815918 0.002584
0.140000 1 0 2136.229736 0.002736
0.150000 1 0 2160.644043 0.002850
0.160000 1 0 2185.058105 0.002938
0.170000 1 0 2209.471924 0.002818
0.180000 1 0 2221.679443 0.002591
0.190000 1 0 2258.300293 0.002468
0.200000 1 0 2282.713867 0.002446
0.210000 1 0 2307.127930 0.002400
0.220000 1 0 2319.335693 0.002374
0.230000 1 0 2343.749756 0.002337
0.240000 1 0 2380.370605 0.002296
0.250000 1 0 2416.991211 0.002294
0.260000 1 0 2429.198730 0.002199
0.270000 1 0 2429.198975 0.002306
0.280000 1 0 2441.405762 0.002426
0.290000 1 0 2441.406006 0.002664
0.300000 1 0 2441.406006 0.002818
0.310000 1 0 2429.199219 0.003080
0.320000 1 0 2429.198975 0.003355
0.330000 1 0 2429.198975 0.003613
0.340000 1 0 2429.198975 0.003853
0.350000 1 0 2425.130127 0.004140
0.360000 1 0 2416.991943 0.004474
0.370000 1 0 2410.888428 0.004821
0.380000 1 0 2404.784912 0.005169
0.390000 1 0 2396.646973 0.005639
0.400000 1 0 2389.526123 0.006070
0.410000 1 0 2383.422607 0.006462
0.420000 1 0 2377.319092 0.006833
0.430000 1 0 2371.215576 0.007181
0.440000 1 0 2364.094971 0.007555
0.450000 1 0 2355.956787 0.007957
0.460000 1 0 2343.750000 0.008466
0.470000 1 0 2335.611816 0.008748
0.480000 1 0 2327.473877 0.009005
0.490000 1 0 2319.335693 0.009237
0.500000 1 0 2307.128906 0.009517
0.510000 1 0 2294.921875 0.009629
0.520000 1 0 2282.714844 0.009448
0.530000 1 0 2270.507812 0.009422
0.540000 1 0 2258.300781 0.009300
0.550000 1 0 2246.093750 0.009109
0.560000 1 0 2239.990234 0.008671
0.570000 1 0 2221.679688 0.008230
0.580000 1 0 2209.472656 0.008012
0.590000 1 0 2203.369141 0.007823
0.600000 1 0 2185.058838 0.007731
0.610000 1 0 2172.851562 0.007714
0.620000 1 0 2172.851318 0.007634
0.630000 1 0 2154.541016 0.007632
0.640000 1 0 2142.333984 0.007667
0.650000 1 0 2130.126953 0.007670
0.660000 1 0 2117.919922 0.007693
0.670000 1 0 2111.816162 0.007495
0.680000 1 0 2099.609375 0.007490
0.690000 1 0 2087.402344 0.007422
0.700000 1 0 2075.195068 0.007162
0.710000 1 0 2062.988281 0.007077
0.720000 1 0 2050.781006 0.006885
0.730000 1 0 2038.574585 0.006654
0.740000 1 0 2026.367554 0.006093
0.750000 1 0 2014.160278 0.005700
0.760000 1 0 2014.160034 0.005208
0.770000 1 0 2001.953003 0.004790
0.780000 1 0 1977.539185 0.004434
0.790000 1 0 1977.538940 0.004212
0.800000 1 0 1965.331909 0.004012
0.810000 1 0 1953.124878 0.000000
