par-text-frame-format
point-type index frequency amplitude
partials-count 2
frame-count 89
frame-data
0.010000 1 1 1770.019409 0.000000
0.020000 1 1 1806.640503 0.001256
0.030000 1 1 1831.054565 0.001373
0.040000 1 1 1867.675415 0.001538
0.050000 1 1 1892.089600 0.001661
0.060000 1 1 1928.710571 0.001793
0.070000 1 1 1953.124634 0.001911
0.080000 1 1 1989.745728 0.002078
0.090000 1 1 2014.159790 0.002180
0.100000 1 1 2038.573730 0.002288
0.110000 1 1 2062.987793 0.002421
0.120000 1 1 2087.401855 0.002560
0.130000 1 1 2111.815918 0.002584
0.140000 1 1 2136.229736 0.002736
0.150000 1 1 2160.644043 0.002850
0.160000 1 1 2185.058105 0.002938
0.170000 1 1 2209.471924 0.002818
0.180000 1 1 2221.679443 0.002591
0.190000 1 1 2258.300293 0.002468
0.200000 1 1 2282.713867 0.002446
0.210000 1 1 2307.127930 0.002400
0.220000 1 1 2319.335693 0.002374
0.230000 1 1 2343.749756 0.002337
0.240000 1 1 2380.370605 0.002296
0.250000 1 1 2416.991211 0.002294
0.260000 1 1 2429.198730 0.002199
0.270000 1 1 2429.198975 0.002306
0.280000 1 1 2441.405762 0.002426
0.290000 2 1 2441.406006 0.002664 0 4309.081055 0.001271
0.300000 2 1 2441.406006 0.002818 0 4296.874512 0.001410
0.310000 2 1 2429.199219 0.003080 0 4284.666992 0.001466
0.320000 2 1 2429.198975 0.003355 0 4260.253418 0.001556
0.330000 2 1 2429.198975 0.003613 0 4248.046387 0.001685
0.340000 2 1 2429.198975 0.003853 0 4223.632324 0.001784
0.350000 2 1 2425.130127 0.004140 0 4217.528809 0.001839
0.360000 2 1 2416.991943 0.004474 0 4199.218262 0.001800
0.370000 2 1 2410.888428 0.004821 0 4174.804199 0.001852
0.380000 2 1 2404.784912 0.005169 0 4162.597168 0.001939
0.390000 2 1 2396.646973 0.005639 0 4150.389648 0.002007
0.400000 2 1 2389.526123 0.006070 0 4138.183105 0.002117
0.410000 2 1 2383.422607 0.006462 0 4125.976074 0.002203
0.420000 2 1 2377.319092 0.006833 0 4101.562012 0.002242
0.430000 2 1 2371.215576 0.007181 0 4101.562012 0.002348
0.440000 2 1 2364.094971 0.007555 0 4083.251709 0.002492
0.450000 2 1 2355.956787 0.007957 0 4077.147949 0.002637
0.460000 2 1 2343.750000 0.008466 0 4064.940918 0.002712
0.470000 2 1 2335.611816 0.008748 0 4052.734131 0.002826
0.480000 2 1 2327.473877 0.009005 0 4040.527100 0.002929
0.490000 2 1 2319.335693 0.009237 0 4028.320068 0.003039
0.500000 2 1 2307.128906 0.009517 0 4028.319824 0.003060
0.510000 2 1 2294.921875 0.009629 0 4010.009277 0.003148
0.520000 2 1 2282.714844 0.009448 0 4003.905762 0.003244
0.530000 2 1 2270.507812 0.009422 0 3991.698975 0.003310
0.540000 2 1 2258.300781 0.009300 0 3979.491943 0.003464
0.550000 2 1 2246.093750 0.009109 0 3979.491699 0.003512
0.560000 2 1 2239.990234 0.008671 0 3967.284668 0.003485
0.570000 2 1 2221.679688 0.008230 0 3955.077881 0.003541
0.580000 2 1 2209.472656 0.008012 0 3942.870850 0.003411
0.590000 2 1 2203.369141 0.007823 0 3942.870605 0.003307
0.600000 2 1 2185.058838 0.007731 0 3930.663574 0.003290
0.610000 2 1 2172.851562 0.007714 0 3918.456787 0.003275
0.620000 2 1 2172.851318 0.007634 0 3906.249756 0.003212
0.630000 2 1 2154.541016 0.007632 0 3906.249756 0.003194
0.640000 2 1 2142.333984 0.007667 0 3894.042725 0.003215
0.650000 2 1 2130.126953 0.007670 0 3894.042480 0.003098
0.660000 2 1 2117.919922 0.007693 0 3881.835449 0.002997
0.670000 2 1 2111.816162 0.007495 0 3869.628662 0.002775
0.680000 2 1 2099.609375 0.007490 0 3869.628662 0.002701
0.690000 2 1 2087.402344 0.007422 0 3881.835693 0.002530
0.700000 2 1 2075.195068 0.007162 0 3894.042725 0.002404
0.710000 2 1 2062.988281 0.007077 0 3906.249756 0.002373
0.720000 2 1 2050.781006 0.006885 0 3918.457031 0.002448
0.730000 2 1 2038.574585 0.006654 0 3930.664062 0.002468
0.740000 2 1 2026.367554 0.006093 0 3942.871094 0.002514
0.750000 2 1 2014.160278 0.005700 0 3955.078125 0.002583
0.760000 2 1 2014.160034 0.005208 0 3979.491943 0.002681
0.770000 2 1 2001.953003 0.004790 0 3979.491943 0.002692
0.780000 2 1 1977.539185 0.004434 0 3991.698975 0.002711
0.790000 2 1 1977.538940 0.004212 0 4003.906006 0.002768
0.800000 2 1 1965.331909 0.004012 0 4016.113037 0.002711
0.810000 2 1 1953.124878 0.000000 0 4028.320068 0.002658
0.820000 1 0 4028.320312 0.002606
0.830000 1 0 4052.734131 0.002541
0.840000 1 0 4052.734375 0.002537
0.850000 1 0 4077.148438 0.002427
0.860000 1 0 4089.355225 0.002336
0.870000 1 0 4101.562500 0.002322
0.880000 1 0 4113.769531 0.002229
0.890000 1 0 4125.976562 0.002141
